  0.0000000e+000 -1.5765069e+001
  2.0000000e+000 -1.5767014e+001
  4.0000000e+000 -1.5770294e+001
  6.0000000e+000 -1.5774619e+001
  8.0000000e+000 -1.5779466e+001
  1.0000000e+001 -1.5784114e+001
  1.2000000e+001 -1.5787731e+001
  1.4000000e+001 -1.5789489e+001
  1.6000000e+001 -1.5788698e+001
  1.8000000e+001 -1.5784935e+001
  2.0000000e+001 -1.5778150e+001
  2.2000000e+001 -1.5768712e+001
  2.4000000e+001 -1.5757403e+001
  2.6000000e+001 -1.5745334e+001
  2.8000000e+001 -1.5733813e+001
  3.0000000e+001 -1.5724161e+001
  3.2000000e+001 -1.5717520e+001
  3.4000000e+001 -1.5714679e+001
  3.6000000e+001 -1.5715941e+001
  3.8000000e+001 -1.5721061e+001
  4.0000000e+001 -1.5729272e+001
  4.2000000e+001 -1.5739378e+001
  4.4000000e+001 -1.5749929e+001
  4.6000000e+001 -1.5759423e+001
  4.8000000e+001 -1.5766528e+001
  5.0000000e+001 -1.5770271e+001
  5.2000000e+001 -1.5770177e+001
  5.4000000e+001 -1.5766324e+001
  5.6000000e+001 -1.5759323e+001
  5.8000000e+001 -1.5750206e+001
  6.0000000e+001 -1.5740257e+001
  6.2000000e+001 -1.5730810e+001
  6.4000000e+001 -1.5723042e+001
  6.6000000e+001 -1.5717800e+001
  6.8000000e+001 -1.5715485e+001
  7.0000000e+001 -1.5716012e+001
  7.2000000e+001 -1.5718848e+001
  7.4000000e+001 -1.5723122e+001
  7.6000000e+001 -1.5727779e+001
  7.8000000e+001 -1.5731765e+001
  8.0000000e+001 -1.5734192e+001
  8.2000000e+001 -1.5734473e+001
  8.4000000e+001 -1.5732399e+001
  8.6000000e+001 -1.5728148e+001
  8.8000000e+001 -1.5722232e+001
  9.0000000e+001 -1.5715390e+001
  9.2000000e+001 -1.5708447e+001
  9.4000000e+001 -1.5702177e+001
  9.6000000e+001 -1.5697173e+001
  9.8000000e+001 -1.5693766e+001
  1.0000000e+002 -1.5691987e+001
  1.0200000e+002 -1.5691588e+001
  1.0400000e+002 -1.5692110e+001
  1.0600000e+002 -1.5692981e+001
  1.0800000e+002 -1.5693633e+001
  1.1000000e+002 -1.5693611e+001
  1.1200000e+002 -1.5692655e+001
  1.1400000e+002 -1.5690749e+001
  1.1600000e+002 -1.5688128e+001
  1.1800000e+002 -1.5685234e+001
  1.2000000e+002 -1.5682645e+001
  1.2200000e+002 -1.5680981e+001
  1.2400000e+002 -1.5680797e+001
  1.2600000e+002 -1.5682489e+001
  1.2800000e+002 -1.5686222e+001
  1.3000000e+002 -1.5691882e+001
  1.3200000e+002 -1.5699072e+001
  1.3400000e+002 -1.5707140e+001
  1.3600000e+002 -1.5715238e+001
  1.3800000e+002 -1.5722403e+001
  1.4000000e+002 -1.5727662e+001
  1.4200000e+002 -1.5730133e+001
  1.4400000e+002 -1.5729122e+001
  1.4600000e+002 -1.5724210e+001
  1.4800000e+002 -1.5715312e+001
  1.5000000e+002 -1.5702709e+001
  1.5200000e+002 -1.5687045e+001
  1.5400000e+002 -1.5669292e+001
  1.5600000e+002 -1.5650675e+001
  1.5800000e+002 -1.5632572e+001
  1.6000000e+002 -1.5616385e+001
  1.6200000e+002 -1.5603407e+001
  1.6400000e+002 -1.5594681e+001
  1.6600000e+002 -1.5590882e+001
  1.6800000e+002 -1.5592233e+001
  1.7000000e+002 -1.5598458e+001
  1.7200000e+002 -1.5608801e+001
  1.7400000e+002 -1.5622095e+001
  1.7600000e+002 -1.5636892e+001
  1.7800000e+002 -1.5651629e+001
  1.8000000e+002 -1.5664822e+001
  1.8200000e+002 -1.5675256e+001
  1.8400000e+002 -1.5682149e+001
  1.8600000e+002 -1.5685261e+001
  1.8800000e+002 -1.5684933e+001
  1.9000000e+002 -1.5682047e+001
  1.9200000e+002 -1.5677905e+001
  1.9400000e+002 -1.5674041e+001
  1.9600000e+002 -1.5671996e+001
  1.9800000e+002 -1.5673081e+001
  2.0000000e+002 -1.5678170e+001
  2.0200000e+002 -1.5687540e+001
  2.0400000e+002 -1.5700809e+001
  2.0600000e+002 -1.5716952e+001
  2.0800000e+002 -1.5734426e+001
  2.1000000e+002 -1.5751357e+001
  2.1200000e+002 -1.5765786e+001
  2.1400000e+002 -1.5775930e+001
  2.1600000e+002 -1.5780411e+001
  2.1800000e+002 -1.5778436e+001
  2.2000000e+002 -1.5769896e+001
  2.2200000e+002 -1.5755367e+001
  2.2400000e+002 -1.5736022e+001
  2.2600000e+002 -1.5713471e+001
  2.2800000e+002 -1.5689551e+001
  2.3000000e+002 -1.5666095e+001
  2.3200000e+002 -1.5644725e+001
  2.3400000e+002 -1.5626680e+001
  2.3600000e+002 -1.5612720e+001
  2.3800000e+002 -1.5603090e+001
  2.4000000e+002 -1.5597564e+001
  2.4200000e+002 -1.5595540e+001
  2.4400000e+002 -1.5596177e+001
  2.4600000e+002 -1.5598542e+001
  2.4800000e+002 -1.5601753e+001
  2.5000000e+002 -1.5605089e+001
  2.5200000e+002 -1.5608065e+001
  2.5400000e+002 -1.5610460e+001
  2.5600000e+002 -1.5612303e+001
  2.5800000e+002 -1.5613829e+001
  2.6000000e+002 -1.5615403e+001
  2.6200000e+002 -1.5617441e+001
  2.6400000e+002 -1.5620336e+001
  2.6600000e+002 -1.5624388e+001
  2.6800000e+002 -1.5629760e+001
  2.7000000e+002 -1.5636454e+001
  2.7200000e+002 -1.5644305e+001
  2.7400000e+002 -1.5653004e+001
  2.7600000e+002 -1.5662122e+001
  2.7800000e+002 -1.5671160e+001
  2.8000000e+002 -1.5679595e+001
  2.8200000e+002 -1.5686925e+001
  2.8400000e+002 -1.5692720e+001
  2.8600000e+002 -1.5696655e+001
  2.8800000e+002 -1.5698543e+001
  2.9000000e+002 -1.5698343e+001
  2.9200000e+002 -1.5696167e+001
  2.9400000e+002 -1.5692265e+001
  2.9600000e+002 -1.5687004e+001
  2.9800000e+002 -1.5680827e+001
  3.0000000e+002 -1.5674219e+001
  3.0200000e+002 -1.5667660e+001
  3.0400000e+002 -1.5661584e+001
  3.0600000e+002 -1.5656344e+001
  3.0800000e+002 -1.5652185e+001
  3.1000000e+002 -1.5649230e+001
  3.1200000e+002 -1.5647474e+001
  3.1400000e+002 -1.5646792e+001
  3.1600000e+002 -1.5646957e+001
  3.1800000e+002 -1.5647661e+001
  3.2000000e+002 -1.5648541e+001
  3.2200000e+002 -1.5649210e+001
  3.2400000e+002 -1.5649286e+001
  3.2600000e+002 -1.5648417e+001
  3.2800000e+002 -1.5646303e+001
  3.3000000e+002 -1.5642724e+001
  3.3200000e+002 -1.5637556e+001
  3.3400000e+002 -1.5630784e+001
  3.3600000e+002 -1.5622518e+001
  3.3800000e+002 -1.5612996e+001
  3.4000000e+002 -1.5602583e+001
  3.4200000e+002 -1.5591761e+001
  3.4400000e+002 -1.5581105e+001
  3.4600000e+002 -1.5571256e+001
  3.4800000e+002 -1.5562866e+001
  3.5000000e+002 -1.5556555e+001
  3.5200000e+002 -1.5552845e+001
  3.5400000e+002 -1.5552104e+001
  3.5600000e+002 -1.5554488e+001
  3.5800000e+002 -1.5559909e+001
  3.6000000e+002 -1.5568005e+001
  3.6200000e+002 -1.5578151e+001
  3.6400000e+002 -1.5589489e+001
  3.6600000e+002 -1.5600990e+001
  3.6800000e+002 -1.5611538e+001
  3.7000000e+002 -1.5620033e+001
  3.7200000e+002 -1.5625502e+001
  3.7400000e+002 -1.5627207e+001
  3.7600000e+002 -1.5624731e+001
  3.7800000e+002 -1.5618040e+001
  3.8000000e+002 -1.5607509e+001
  3.8200000e+002 -1.5593898e+001
  3.8400000e+002 -1.5578294e+001
  3.8600000e+002 -1.5562011e+001
  3.8800000e+002 -1.5546460e+001
  3.9000000e+002 -1.5533010e+001
  3.9200000e+002 -1.5522847e+001
  3.9400000e+002 -1.5516858e+001
  3.9600000e+002 -1.5515535e+001
  3.9800000e+002 -1.5518929e+001
  4.0000000e+002 -1.5526652e+001
  4.0200000e+002 -1.5537919e+001
  4.0400000e+002 -1.5551631e+001
  4.0600000e+002 -1.5566491e+001
  4.0800000e+002 -1.5581127e+001
  4.1000000e+002 -1.5594224e+001
  4.1200000e+002 -1.5604638e+001
  4.1400000e+002 -1.5611487e+001
  4.1600000e+002 -1.5614214e+001
  4.1800000e+002 -1.5612610e+001
  4.2000000e+002 -1.5606813e+001
  4.2200000e+002 -1.5597266e+001
  4.2400000e+002 -1.5584665e+001
  4.2600000e+002 -1.5569882e+001
  4.2800000e+002 -1.5553890e+001
  4.3000000e+002 -1.5537683e+001
  4.3200000e+002 -1.5522207e+001
  4.3400000e+002 -1.5508305e+001
  4.3600000e+002 -1.5496668e+001
  4.3800000e+002 -1.5487817e+001
  4.4000000e+002 -1.5482084e+001
  4.4200000e+002 -1.5479615e+001
  4.4400000e+002 -1.5480382e+001
  4.4600000e+002 -1.5484196e+001
  4.4800000e+002 -1.5490727e+001
  4.5000000e+002 -1.5499523e+001
  4.5200000e+002 -1.5510034e+001
  4.5400000e+002 -1.5521627e+001
  4.5600000e+002 -1.5533614e+001
  4.5800000e+002 -1.5545280e+001
  4.6000000e+002 -1.5555923e+001
  4.6200000e+002 -1.5564893e+001
  4.6400000e+002 -1.5571653e+001
  4.6600000e+002 -1.5575832e+001
  4.6800000e+002 -1.5577275e+001
  4.7000000e+002 -1.5576090e+001
  4.7200000e+002 -1.5572660e+001
  4.7400000e+002 -1.5567634e+001
  4.7600000e+002 -1.5561874e+001
  4.7800000e+002 -1.5556376e+001
  4.8000000e+002 -1.5552153e+001
  4.8200000e+002 -1.5550100e+001
  4.8400000e+002 -1.5550867e+001
  4.8600000e+002 -1.5554746e+001
  4.8800000e+002 -1.5561595e+001
  4.9000000e+002 -1.5570823e+001
  4.9200000e+002 -1.5581432e+001
  4.9400000e+002 -1.5592124e+001
  4.9600000e+002 -1.5601461e+001
  4.9800000e+002 -1.5608049e+001
  5.0000000e+002 -1.5610732e+001
  5.0200000e+002 -1.5608766e+001
  5.0400000e+002 -1.5601935e+001
  5.0600000e+002 -1.5590601e+001
  5.0800000e+002 -1.5575685e+001
  5.1000000e+002 -1.5558551e+001
  5.1200000e+002 -1.5540846e+001
  5.1400000e+002 -1.5524289e+001
  5.1600000e+002 -1.5510452e+001
  5.1800000e+002 -1.5500559e+001
  5.2000000e+002 -1.5495343e+001
  5.2200000e+002 -1.5494958e+001
  5.2400000e+002 -1.5498980e+001
  5.2600000e+002 -1.5506481e+001
  5.2800000e+002 -1.5516165e+001
  5.3000000e+002 -1.5526548e+001
  5.3200000e+002 -1.5536155e+001
  5.3400000e+002 -1.5543697e+001
  5.3600000e+002 -1.5548216e+001
  5.3800000e+002 -1.5549177e+001
  5.4000000e+002 -1.5546493e+001
  5.4200000e+002 -1.5540497e+001
  5.4400000e+002 -1.5531855e+001
  5.4600000e+002 -1.5521456e+001
  5.4800000e+002 -1.5510283e+001
  5.5000000e+002 -1.5499292e+001
  5.5200000e+002 -1.5489312e+001
  5.5400000e+002 -1.5480977e+001
  5.5600000e+002 -1.5474698e+001
  5.5800000e+002 -1.5470664e+001
  5.6000000e+002 -1.5468870e+001
  5.6200000e+002 -1.5469169e+001
  5.6400000e+002 -1.5471316e+001
  5.6600000e+002 -1.5475023e+001
  5.6800000e+002 -1.5479997e+001
  5.7000000e+002 -1.5485958e+001
  5.7200000e+002 -1.5492658e+001
  5.7400000e+002 -1.5499873e+001
  5.7600000e+002 -1.5507397e+001
  5.7800000e+002 -1.5515032e+001
  5.8000000e+002 -1.5522577e+001
  5.8200000e+002 -1.5529824e+001
  5.8400000e+002 -1.5536565e+001
  5.8600000e+002 -1.5542597e+001
  5.8800000e+002 -1.5547740e+001
  5.9000000e+002 -1.5551854e+001
  5.9200000e+002 -1.5554859e+001
  5.9400000e+002 -1.5556749e+001
  5.9600000e+002 -1.5557596e+001
  5.9800000e+002 -1.5557548e+001
  6.0000000e+002 -1.5556815e+001
  6.0200000e+002 -1.5555645e+001
  6.0400000e+002 -1.5554286e+001
  6.0600000e+002 -1.5552950e+001
  6.0800000e+002 -1.5551780e+001
  6.1000000e+002 -1.5550809e+001
  6.1200000e+002 -1.5549957e+001
  6.1400000e+002 -1.5549025e+001
  6.1600000e+002 -1.5547721e+001
  6.1800000e+002 -1.5545708e+001
  6.2000000e+002 -1.5542661e+001
  6.2200000e+002 -1.5538337e+001
  6.2400000e+002 -1.5532638e+001
  6.2600000e+002 -1.5525665e+001
  6.2800000e+002 -1.5517737e+001
  6.3000000e+002 -1.5509385e+001
  6.3200000e+002 -1.5501305e+001
  6.3400000e+002 -1.5494284e+001
  6.3600000e+002 -1.5489101e+001
  6.3800000e+002 -1.5486418e+001
  6.4000000e+002 -1.5486686e+001
  6.4200000e+002 -1.5490077e+001
  6.4400000e+002 -1.5496446e+001
  6.4600000e+002 -1.5505354e+001
  6.4800000e+002 -1.5516120e+001
  6.5000000e+002 -1.5527926e+001
  6.5200000e+002 -1.5539928e+001
  6.5400000e+002 -1.5551380e+001
  6.5600000e+002 -1.5561727e+001
  6.5800000e+002 -1.5570678e+001
  6.6000000e+002 -1.5578214e+001
  6.6200000e+002 -1.5584562e+001
  6.6400000e+002 -1.5590121e+001
  6.6600000e+002 -1.5595353e+001
  6.6800000e+002 -1.5600675e+001
  6.7000000e+002 -1.5606359e+001
  6.7200000e+002 -1.5612459e+001
  6.7400000e+002 -1.5618786e+001
  6.7600000e+002 -1.5624930e+001
  6.7800000e+002 -1.5630326e+001
  6.8000000e+002 -1.5634359e+001
  6.8200000e+002 -1.5636478e+001
  6.8400000e+002 -1.5636311e+001
  6.8600000e+002 -1.5633750e+001
  6.8800000e+002 -1.5629000e+001
  6.9000000e+002 -1.5622571e+001
  6.9200000e+002 -1.5615226e+001
  6.9400000e+002 -1.5607876e+001
  6.9600000e+002 -1.5601453e+001
  6.9800000e+002 -1.5596773e+001
  7.0000000e+002 -1.5594402e+001
  7.0200000e+002 -1.5594566e+001
  7.0400000e+002 -1.5597101e+001
  7.0600000e+002 -1.5601463e+001
  7.0800000e+002 -1.5606788e+001
  7.1000000e+002 -1.5612011e+001
  7.1200000e+002 -1.5616013e+001
  7.1400000e+002 -1.5617776e+001
  7.1600000e+002 -1.5616543e+001
  7.1800000e+002 -1.5611937e+001
  7.2000000e+002 -1.5604037e+001
  7.2200000e+002 -1.5593394e+001
  7.2400000e+002 -1.5580987e+001
  7.2600000e+002 -1.5568116e+001
  7.2800000e+002 -1.5556254e+001
  7.3000000e+002 -1.5546872e+001
  7.3200000e+002 -1.5541250e+001
  7.3400000e+002 -1.5540321e+001
  7.3600000e+002 -1.5544542e+001
  7.3800000e+002 -1.5553821e+001
  7.4000000e+002 -1.5567520e+001
  7.4200000e+002 -1.5584508e+001
  7.4400000e+002 -1.5603286e+001
  7.4600000e+002 -1.5622148e+001
  7.4800000e+002 -1.5639371e+001
  7.5000000e+002 -1.5653406e+001
  7.5200000e+002 -1.5663044e+001
  7.5400000e+002 -1.5667548e+001
  7.5600000e+002 -1.5666719e+001
  7.5800000e+002 -1.5660914e+001
  7.6000000e+002 -1.5650986e+001
  7.6200000e+002 -1.5638188e+001
  7.6400000e+002 -1.5624022e+001
  7.6600000e+002 -1.5610079e+001
  7.6800000e+002 -1.5597874e+001
  7.7000000e+002 -1.5588701e+001
  7.7200000e+002 -1.5583518e+001
  7.7400000e+002 -1.5582879e+001
  7.7600000e+002 -1.5586913e+001
  7.7800000e+002 -1.5595340e+001
  7.8000000e+002 -1.5607533e+001
  7.8200000e+002 -1.5622601e+001
  7.8400000e+002 -1.5639486e+001
  7.8600000e+002 -1.5657059e+001
  7.8800000e+002 -1.5674218e+001
  7.9000000e+002 -1.5689956e+001
  7.9200000e+002 -1.5703426e+001
  7.9400000e+002 -1.5713978e+001
  7.9600000e+002 -1.5721187e+001
  7.9800000e+002 -1.5724865e+001
  8.0000000e+002 -1.5725058e+001
  8.0200000e+002 -1.5722046e+001
  8.0400000e+002 -1.5716322e+001
  8.0600000e+002 -1.5708565e+001
  8.0800000e+002 -1.5699601e+001
  8.1000000e+002 -1.5690347e+001
  8.1200000e+002 -1.5681744e+001
  8.1400000e+002 -1.5674675e+001
  8.1600000e+002 -1.5669886e+001
  8.1800000e+002 -1.5667899e+001
  8.2000000e+002 -1.5668958e+001
  8.2200000e+002 -1.5672982e+001
  8.2400000e+002 -1.5679573e+001
  8.2600000e+002 -1.5688044e+001
  8.2800000e+002 -1.5697501e+001
  8.3000000e+002 -1.5706947e+001
  8.3200000e+002 -1.5715404e+001
  8.3400000e+002 -1.5722044e+001
  8.3600000e+002 -1.5726293e+001
  8.3800000e+002 -1.5727910e+001
  8.4000000e+002 -1.5727013e+001
  8.4200000e+002 -1.5724055e+001
  8.4400000e+002 -1.5719760e+001
  8.4600000e+002 -1.5715001e+001
  8.4800000e+002 -1.5710676e+001
  8.5000000e+002 -1.5707564e+001
  8.5200000e+002 -1.5706209e+001
  8.5400000e+002 -1.5706840e+001
  8.5600000e+002 -1.5709330e+001
  8.5800000e+002 -1.5713223e+001
  8.6000000e+002 -1.5717801e+001
  8.6200000e+002 -1.5722195e+001
  8.6400000e+002 -1.5725519e+001
  8.6600000e+002 -1.5727004e+001
  8.6800000e+002 -1.5726124e+001
  8.7000000e+002 -1.5722675e+001
  8.7200000e+002 -1.5716821e+001
  8.7400000e+002 -1.5709077e+001
  8.7600000e+002 -1.5700253e+001
  8.7800000e+002 -1.5691354e+001
  8.8000000e+002 -1.5683453e+001
  8.8200000e+002 -1.5677557e+001
  8.8400000e+002 -1.5674489e+001
  8.8600000e+002 -1.5674790e+001
  8.8800000e+002 -1.5678659e+001
  8.9000000e+002 -1.5685939e+001
  8.9200000e+002 -1.5696148e+001
  8.9400000e+002 -1.5708537e+001
  8.9600000e+002 -1.5722191e+001
  8.9800000e+002 -1.5736128e+001
  9.0000000e+002 -1.5749407e+001
  9.0200000e+002 -1.5761220e+001
  9.0400000e+002 -1.5770962e+001
  9.0600000e+002 -1.5778275e+001
  9.0800000e+002 -1.5783051e+001
  9.1000000e+002 -1.5785418e+001
  9.1200000e+002 -1.5785692e+001
  9.1400000e+002 -1.5784314e+001
  9.1600000e+002 -1.5781774e+001
  9.1800000e+002 -1.5778536e+001
  9.2000000e+002 -1.5774974e+001
  9.2200000e+002 -1.5771315e+001
  9.2400000e+002 -1.5767612e+001
  9.2600000e+002 -1.5763743e+001
  9.2800000e+002 -1.5759429e+001
  9.3000000e+002 -1.5754295e+001
  9.3200000e+002 -1.5747938e+001
  9.3400000e+002 -1.5740018e+001
  9.3600000e+002 -1.5730348e+001
  9.3800000e+002 -1.5718968e+001
  9.4000000e+002 -1.5706204e+001
  9.4200000e+002 -1.5692678e+001
  9.4400000e+002 -1.5679282e+001
  9.4600000e+002 -1.5667097e+001
  9.4800000e+002 -1.5657283e+001
  9.5000000e+002 -1.5650922e+001
  9.5200000e+002 -1.5648873e+001
  9.5400000e+002 -1.5651621e+001
  9.5600000e+002 -1.5659184e+001
  9.5800000e+002 -1.5671059e+001
  9.6000000e+002 -1.5686258e+001
  9.6200000e+002 -1.5703402e+001
  9.6400000e+002 -1.5720888e+001
  9.6600000e+002 -1.5737104e+001
  9.6800000e+002 -1.5750649e+001
  9.7000000e+002 -1.5760541e+001
  9.7200000e+002 -1.5766370e+001
  9.7400000e+002 -1.5768376e+001
  9.7600000e+002 -1.5767425e+001
  9.7800000e+002 -1.5764890e+001
  9.8000000e+002 -1.5762452e+001
  9.8200000e+002 -1.5761842e+001
  9.8400000e+002 -1.5764560e+001
  9.8600000e+002 -1.5771634e+001
  9.8800000e+002 -1.5783423e+001
  9.9000000e+002 -1.5799536e+001
  9.9200000e+002 -1.5818850e+001
  9.9400000e+002 -1.5839648e+001
  9.9600000e+002 -1.5859850e+001
  9.9800000e+002 -1.5877307e+001
  1.0000000e+003 -1.5890105e+001
  1.0020000e+003 -1.5896851e+001
  1.0040000e+003 -1.5896875e+001
  1.0060000e+003 -1.5890329e+001
  1.0080000e+003 -1.5878173e+001
  1.0100000e+003 -1.5862027e+001
  1.0120000e+003 -1.5843939e+001
  1.0140000e+003 -1.5826087e+001
  1.0160000e+003 -1.5810466e+001
  1.0180000e+003 -1.5798614e+001
  1.0200000e+003 -1.5791404e+001
  1.0220000e+003 -1.5788951e+001
  1.0240000e+003 -1.5790635e+001
  1.0260000e+003 -1.5795238e+001
  1.0280000e+003 -1.5801167e+001
  1.0300000e+003 -1.5806733e+001
  1.0320000e+003 -1.5810435e+001
  1.0340000e+003 -1.5811204e+001
  1.0360000e+003 -1.5808570e+001
  1.0380000e+003 -1.5802727e+001
  1.0400000e+003 -1.5794482e+001
  1.0420000e+003 -1.5785115e+001
  1.0440000e+003 -1.5776150e+001
  1.0460000e+003 -1.5769096e+001
  1.0480000e+003 -1.5765202e+001
  1.0500000e+003 -1.5765243e+001
  1.0520000e+003 -1.5769403e+001
  1.0540000e+003 -1.5777243e+001
  1.0560000e+003 -1.5787777e+001
  1.0580000e+003 -1.5799634e+001
  1.0600000e+003 -1.5811275e+001
  1.0620000e+003 -1.5821231e+001
  1.0640000e+003 -1.5828330e+001
  1.0660000e+003 -1.5831859e+001
  1.0680000e+003 -1.5831657e+001
  1.0700000e+003 -1.5828113e+001
  1.0720000e+003 -1.5822076e+001
  1.0740000e+003 -1.5814696e+001
  1.0760000e+003 -1.5807224e+001
  1.0780000e+003 -1.5800799e+001
  1.0800000e+003 -1.5796270e+001
  1.0820000e+003 -1.5794067e+001
  1.0840000e+003 -1.5794152e+001
  1.0860000e+003 -1.5796046e+001
  1.0880000e+003 -1.5798935e+001
  1.0900000e+003 -1.5801825e+001
  1.0920000e+003 -1.5803730e+001
  1.0940000e+003 -1.5803848e+001
  1.0960000e+003 -1.5801707e+001
  1.0980000e+003 -1.5797259e+001
  1.1000000e+003 -1.5790891e+001
  1.1020000e+003 -1.5783373e+001
  1.1040000e+003 -1.5775739e+001
  1.1060000e+003 -1.5769122e+001
  1.1080000e+003 -1.5764577e+001
  1.1100000e+003 -1.5762915e+001
  1.1120000e+003 -1.5764570e+001
  1.1140000e+003 -1.5769527e+001
  1.1160000e+003 -1.5777328e+001
  1.1180000e+003 -1.5787133e+001
  1.1200000e+003 -1.5797848e+001
  1.1220000e+003 -1.5808294e+001
  1.1240000e+003 -1.5817380e+001
  1.1260000e+003 -1.5824266e+001
  1.1280000e+003 -1.5828485e+001
  1.1300000e+003 -1.5830003e+001
  1.1320000e+003 -1.5829208e+001
  1.1340000e+003 -1.5826830e+001
  1.1360000e+003 -1.5823814e+001
  1.1380000e+003 -1.5821143e+001
  1.1400000e+003 -1.5819670e+001
  1.1420000e+003 -1.5819958e+001
  1.1440000e+003 -1.5822173e+001
  1.1460000e+003 -1.5826042e+001
  1.1480000e+003 -1.5830879e+001
  1.1500000e+003 -1.5835683e+001
  1.1520000e+003 -1.5839291e+001
  1.1540000e+003 -1.5840562e+001
  1.1560000e+003 -1.5838564e+001
  1.1580000e+003 -1.5832734e+001
  1.1600000e+003 -1.5822996e+001
  1.1620000e+003 -1.5809798e+001
  1.1640000e+003 -1.5794085e+001
  1.1660000e+003 -1.5777192e+001
  1.1680000e+003 -1.5760687e+001
  1.1700000e+003 -1.5746171e+001
  1.1720000e+003 -1.5735081e+001
  1.1740000e+003 -1.5728508e+001
  1.1760000e+003 -1.5727063e+001
  1.1780000e+003 -1.5730807e+001
  1.1800000e+003 -1.5739253e+001
  1.1820000e+003 -1.5751442e+001
  1.1840000e+003 -1.5766064e+001
  1.1860000e+003 -1.5781636e+001
  1.1880000e+003 -1.5796677e+001
  1.1900000e+003 -1.5809882e+001
  1.1920000e+003 -1.5820258e+001
  1.1940000e+003 -1.5827216e+001
  1.1960000e+003 -1.5830599e+001
  1.1980000e+003 -1.5830653e+001
  1.2000000e+003 -1.5827948e+001
  1.2020000e+003 -1.5823263e+001
  1.2040000e+003 -1.5817452e+001
  1.2060000e+003 -1.5811316e+001
  1.2080000e+003 -1.5805488e+001
  1.2100000e+003 -1.5800362e+001
  1.2120000e+003 -1.5796062e+001
  1.2140000e+003 -1.5792458e+001
  1.2160000e+003 -1.5789219e+001
  1.2180000e+003 -1.5785899e+001
  1.2200000e+003 -1.5782037e+001
  1.2220000e+003 -1.5777254e+001
  1.2240000e+003 -1.5771334e+001
  1.2260000e+003 -1.5764272e+001
  1.2280000e+003 -1.5756292e+001
  1.2300000e+003 -1.5747820e+001
  1.2320000e+003 -1.5739429e+001
  1.2340000e+003 -1.5731755e+001
  1.2360000e+003 -1.5725415e+001
  1.2380000e+003 -1.5720908e+001
  1.2400000e+003 -1.5718554e+001
  1.2420000e+003 -1.5718441e+001
  1.2440000e+003 -1.5720416e+001
  1.2460000e+003 -1.5724092e+001
  1.2480000e+003 -1.5728901e+001
  1.2500000e+003 -1.5734147e+001
  1.2520000e+003 -1.5739082e+001
  1.2540000e+003 -1.5742979e+001
  1.2560000e+003 -1.5745199e+001
  1.2580000e+003 -1.5745240e+001
  1.2600000e+003 -1.5742778e+001
  1.2620000e+003 -1.5737686e+001
  1.2640000e+003 -1.5730046e+001
  1.2660000e+003 -1.5720142e+001
  1.2680000e+003 -1.5708442e+001
  1.2700000e+003 -1.5695583e+001
  1.2720000e+003 -1.5682331e+001
  1.2740000e+003 -1.5669543e+001
  1.2760000e+003 -1.5658111e+001
  1.2780000e+003 -1.5648896e+001
  1.2800000e+003 -1.5642658e+001
  1.2820000e+003 -1.5639972e+001
  1.2840000e+003 -1.5641156e+001
  1.2860000e+003 -1.5646212e+001
  1.2880000e+003 -1.5654790e+001
  1.2900000e+003 -1.5666189e+001
  1.2920000e+003 -1.5679395e+001
  1.2940000e+003 -1.5693171e+001
  1.2960000e+003 -1.5706175e+001
  1.2980000e+003 -1.5717108e+001
  1.3000000e+003 -1.5724865e+001
  1.3020000e+003 -1.5728680e+001
  1.3040000e+003 -1.5728225e+001
  1.3060000e+003 -1.5723667e+001
  1.3080000e+003 -1.5715658e+001
  1.3100000e+003 -1.5705256e+001
  1.3120000e+003 -1.5693794e+001
  1.3140000e+003 -1.5682710e+001
  1.3160000e+003 -1.5673352e+001
  1.3180000e+003 -1.5666803e+001
  1.3200000e+003 -1.5663741e+001
  1.3220000e+003 -1.5664353e+001
  1.3240000e+003 -1.5668327e+001
  1.3260000e+003 -1.5674906e+001
  1.3280000e+003 -1.5683015e+001
  1.3300000e+003 -1.5691417e+001
  1.3320000e+003 -1.5698895e+001
  1.3340000e+003 -1.5704417e+001
  1.3360000e+003 -1.5707265e+001
  1.3380000e+003 -1.5707108e+001
  1.3400000e+003 -1.5704002e+001
  1.3420000e+003 -1.5698338e+001
  1.3440000e+003 -1.5690732e+001
  1.3460000e+003 -1.5681882e+001
  1.3480000e+003 -1.5672436e+001
  1.3500000e+003 -1.5662865e+001
  1.3520000e+003 -1.5653394e+001
  1.3540000e+003 -1.5643988e+001
  1.3560000e+003 -1.5634389e+001
  1.3580000e+003 -1.5624217e+001
  1.3600000e+003 -1.5613094e+001
  1.3620000e+003 -1.5600779e+001
  1.3640000e+003 -1.5587277e+001
  1.3660000e+003 -1.5572912e+001
  1.3680000e+003 -1.5558328e+001
  1.3700000e+003 -1.5544432e+001
  1.3720000e+003 -1.5532270e+001
  1.3740000e+003 -1.5522871e+001
  1.3760000e+003 -1.5517069e+001
  1.3780000e+003 -1.5515345e+001
  1.3800000e+003 -1.5517719e+001
  1.3820000e+003 -1.5523707e+001
  1.3840000e+003 -1.5532362e+001
  1.3860000e+003 -1.5542388e+001
  1.3880000e+003 -1.5552320e+001
  1.3900000e+003 -1.5560737e+001
  1.3920000e+003 -1.5566474e+001
  1.3940000e+003 -1.5568801e+001
  1.3960000e+003 -1.5567546e+001
  1.3980000e+003 -1.5563123e+001
  1.4000000e+003 -1.5556488e+001
  1.4020000e+003 -1.5548995e+001
  1.4040000e+003 -1.5542207e+001
  1.4060000e+003 -1.5537658e+001
  1.4080000e+003 -1.5536630e+001
  1.4100000e+003 -1.5539956e+001
  1.4120000e+003 -1.5547880e+001
  1.4140000e+003 -1.5560009e+001
  1.4160000e+003 -1.5575344e+001
  1.4180000e+003 -1.5592395e+001
  1.4200000e+003 -1.5609364e+001
  1.4220000e+003 -1.5624366e+001
  1.4240000e+003 -1.5635658e+001
  1.4260000e+003 -1.5641850e+001
  1.4280000e+003 -1.5642064e+001
  1.4300000e+003 -1.5636023e+001
  1.4320000e+003 -1.5624063e+001
  1.4340000e+003 -1.5607061e+001
  1.4360000e+003 -1.5586303e+001
  1.4380000e+003 -1.5563309e+001
  1.4400000e+003 -1.5539635e+001
  1.4420000e+003 -1.5516696e+001
  1.4440000e+003 -1.5495624e+001
  1.4460000e+003 -1.5477177e+001
  1.4480000e+003 -1.5461715e+001
  1.4500000e+003 -1.5449238e+001
  1.4520000e+003 -1.5439469e+001
  1.4540000e+003 -1.5431963e+001
  1.4560000e+003 -1.5426224e+001
  1.4580000e+003 -1.5421804e+001
  1.4600000e+003 -1.5418369e+001
  1.4620000e+003 -1.5415719e+001
  1.4640000e+003 -1.5413771e+001
  1.4660000e+003 -1.5412503e+001
  1.4680000e+003 -1.5411888e+001
  1.4700000e+003 -1.5411822e+001
  1.4720000e+003 -1.5412075e+001
  1.4740000e+003 -1.5412275e+001
  1.4760000e+003 -1.5411929e+001
  1.4780000e+003 -1.5410491e+001
  1.4800000e+003 -1.5407454e+001
  1.4820000e+003 -1.5402453e+001
  1.4840000e+003 -1.5395373e+001
  1.4860000e+003 -1.5386410e+001
  1.4880000e+003 -1.5376106e+001
  1.4900000e+003 -1.5365306e+001
  1.4920000e+003 -1.5355077e+001
  1.4940000e+003 -1.5346555e+001
  1.4960000e+003 -1.5340781e+001
  1.4980000e+003 -1.5338514e+001
  1.5000000e+003 -1.5340086e+001
  1.5020000e+003 -1.5345295e+001
  1.5040000e+003 -1.5353384e+001
  1.5060000e+003 -1.5363100e+001
  1.5080000e+003 -1.5372841e+001
  1.5100000e+003 -1.5380864e+001
  1.5120000e+003 -1.5385528e+001
  1.5140000e+003 -1.5385544e+001
  1.5160000e+003 -1.5380171e+001
  1.5180000e+003 -1.5369348e+001
  1.5200000e+003 -1.5353725e+001
  1.5220000e+003 -1.5334580e+001
  1.5240000e+003 -1.5313658e+001
  1.5260000e+003 -1.5292919e+001
  1.5280000e+003 -1.5274275e+001
  1.5300000e+003 -1.5259317e+001
  1.5320000e+003 -1.5249106e+001
  1.5340000e+003 -1.5244040e+001
  1.5360000e+003 -1.5243827e+001
  1.5380000e+003 -1.5247556e+001
  1.5400000e+003 -1.5253853e+001
  1.5420000e+003 -1.5261107e+001
  1.5440000e+003 -1.5267710e+001
  1.5460000e+003 -1.5272288e+001
  1.5480000e+003 -1.5273877e+001
  1.5500000e+003 -1.5272038e+001
  1.5520000e+003 -1.5266872e+001
  1.5540000e+003 -1.5258963e+001
  1.5560000e+003 -1.5249243e+001
  1.5580000e+003 -1.5238819e+001
  1.5600000e+003 -1.5228774e+001
  1.5620000e+003 -1.5219995e+001
  1.5640000e+003 -1.5213031e+001
  1.5660000e+003 -1.5208022e+001
  1.5680000e+003 -1.5204693e+001
  1.5700000e+003 -1.5202421e+001
  1.5720000e+003 -1.5200360e+001
  1.5740000e+003 -1.5197599e+001
  1.5760000e+003 -1.5193337e+001
  1.5780000e+003 -1.5187033e+001
  1.5800000e+003 -1.5178518e+001
  1.5820000e+003 -1.5168045e+001
  1.5840000e+003 -1.5156270e+001
  1.5860000e+003 -1.5144159e+001
  1.5880000e+003 -1.5132851e+001
  1.5900000e+003 -1.5123478e+001
  1.5920000e+003 -1.5116988e+001
  1.5940000e+003 -1.5113987e+001
  1.5960000e+003 -1.5114632e+001
  1.5980000e+003 -1.5118586e+001
  1.6000000e+003 -1.5125058e+001
  1.6020000e+003 -1.5132899e+001
  1.6040000e+003 -1.5140766e+001
  1.6060000e+003 -1.5147305e+001
  1.6080000e+003 -1.5151350e+001
  1.6100000e+003 -1.5152086e+001
  1.6120000e+003 -1.5149166e+001
  1.6140000e+003 -1.5142757e+001
  1.6160000e+003 -1.5133515e+001
  1.6180000e+003 -1.5122486e+001
  1.6200000e+003 -1.5110949e+001
  1.6220000e+003 -1.5100233e+001
  1.6240000e+003 -1.5091522e+001
  1.6260000e+003 -1.5085684e+001
  1.6280000e+003 -1.5083153e+001
  1.6300000e+003 -1.5083874e+001
  1.6320000e+003 -1.5087323e+001
  1.6340000e+003 -1.5092593e+001
  1.6360000e+003 -1.5098544e+001
  1.6380000e+003 -1.5103981e+001
  1.6400000e+003 -1.5107838e+001
  1.6420000e+003 -1.5109344e+001
  1.6440000e+003 -1.5108127e+001
  1.6460000e+003 -1.5104271e+001
  1.6480000e+003 -1.5098282e+001
  1.6500000e+003 -1.5090995e+001
  1.6520000e+003 -1.5083431e+001
  1.6540000e+003 -1.5076614e+001
  1.6560000e+003 -1.5071403e+001
  1.6580000e+003 -1.5068339e+001
  1.6600000e+003 -1.5067556e+001
  1.6620000e+003 -1.5068750e+001
  1.6640000e+003 -1.5071222e+001
  1.6660000e+003 -1.5073988e+001
  1.6680000e+003 -1.5075926e+001
  1.6700000e+003 -1.5075953e+001
  1.6720000e+003 -1.5073190e+001
  1.6740000e+003 -1.5067100e+001
  1.6760000e+003 -1.5057572e+001
  1.6780000e+003 -1.5044942e+001
  1.6800000e+003 -1.5029953e+001
  1.6820000e+003 -1.5013650e+001
  1.6840000e+003 -1.4997239e+001
  1.6860000e+003 -1.4981925e+001
  1.6880000e+003 -1.4968743e+001
  1.6900000e+003 -1.4958431e+001
  1.6920000e+003 -1.4951330e+001
  1.6940000e+003 -1.4947350e+001
  1.6960000e+003 -1.4945996e+001
  1.6980000e+003 -1.4946453e+001
  1.7000000e+003 -1.4947713e+001
  1.7020000e+003 -1.4948733e+001
  1.7040000e+003 -1.4948602e+001
  1.7060000e+003 -1.4946680e+001
  1.7080000e+003 -1.4942706e+001
  1.7100000e+003 -1.4936840e+001
  1.7120000e+003 -1.4929650e+001
  1.7140000e+003 -1.4922024e+001
  1.7160000e+003 -1.4915040e+001
  1.7180000e+003 -1.4909803e+001
  1.7200000e+003 -1.4907268e+001
  1.7220000e+003 -1.4908097e+001
  1.7240000e+003 -1.4912556e+001
  1.7260000e+003 -1.4920471e+001
  1.7280000e+003 -1.4931262e+001
  1.7300000e+003 -1.4944036e+001
  1.7320000e+003 -1.4957721e+001
  1.7340000e+003 -1.4971233e+001
  1.7360000e+003 -1.4983627e+001
  1.7380000e+003 -1.4994218e+001
  1.7400000e+003 -1.5002652e+001
  1.7420000e+003 -1.5008906e+001
  1.7440000e+003 -1.5013230e+001
  1.7460000e+003 -1.5016042e+001
  1.7480000e+003 -1.5017792e+001
  1.7500000e+003 -1.5018832e+001
  1.7520000e+003 -1.5019306e+001
  1.7540000e+003 -1.5019098e+001
  1.7560000e+003 -1.5017828e+001
  1.7580000e+003 -1.5014920e+001
  1.7600000e+003 -1.5009715e+001
  1.7620000e+003 -1.5001614e+001
  1.7640000e+003 -1.4990229e+001
  1.7660000e+003 -1.4975514e+001
  1.7680000e+003 -1.4957842e+001
  1.7700000e+003 -1.4938025e+001
  1.7720000e+003 -1.4917270e+001
  1.7740000e+003 -1.4897055e+001
  1.7760000e+003 -1.4878966e+001
  1.7780000e+003 -1.4864504e+001
  1.7800000e+003 -1.4854881e+001
  1.7820000e+003 -1.4850855e+001
  1.7840000e+003 -1.4852608e+001
  1.7860000e+003 -1.4859706e+001
  1.7880000e+003 -1.4871126e+001
  1.7900000e+003 -1.4885365e+001
  1.7920000e+003 -1.4900618e+001
  1.7940000e+003 -1.4914992e+001
  1.7960000e+003 -1.4926729e+001
  1.7980000e+003 -1.4934422e+001
  1.8000000e+003 -1.4937181e+001
  1.8020000e+003 -1.4934728e+001
  1.8040000e+003 -1.4927425e+001
  1.8060000e+003 -1.4916212e+001
  1.8080000e+003 -1.4902485e+001
  1.8100000e+003 -1.4887912e+001
  1.8120000e+003 -1.4874237e+001
  1.8140000e+003 -1.4863072e+001
  1.8160000e+003 -1.4855723e+001
  1.8180000e+003 -1.4853053e+001
  1.8200000e+003 -1.4855414e+001
  1.8220000e+003 -1.4862631e+001
  1.8240000e+003 -1.4874051e+001
  1.8260000e+003 -1.4888635e+001
  1.8280000e+003 -1.4905091e+001
  1.8300000e+003 -1.4922012e+001
  1.8320000e+003 -1.4938023e+001
  1.8340000e+003 -1.4951906e+001
  1.8360000e+003 -1.4962700e+001
  1.8380000e+003 -1.4969762e+001
  1.8400000e+003 -1.4972794e+001
  1.8420000e+003 -1.4971832e+001
  1.8440000e+003 -1.4967205e+001
  1.8460000e+003 -1.4959471e+001
  1.8480000e+003 -1.4949337e+001
  1.8500000e+003 -1.4937588e+001
  1.8520000e+003 -1.4925012e+001
  1.8540000e+003 -1.4912348e+001
  1.8560000e+003 -1.4900245e+001
  1.8580000e+003 -1.4889245e+001
  1.8600000e+003 -1.4879778e+001
  1.8620000e+003 -1.4872161e+001
  1.8640000e+003 -1.4866606e+001
  1.8660000e+003 -1.4863220e+001
  1.8680000e+003 -1.4862000e+001
  1.8700000e+003 -1.4862826e+001
  1.8720000e+003 -1.4865448e+001
  1.8740000e+003 -1.4869486e+001
  1.8760000e+003 -1.4874433e+001
  1.8780000e+003 -1.4879694e+001
  1.8800000e+003 -1.4884625e+001
  1.8820000e+003 -1.4888608e+001
  1.8840000e+003 -1.4891129e+001
  1.8860000e+003 -1.4891849e+001
  1.8880000e+003 -1.4890676e+001
  1.8900000e+003 -1.4887791e+001
  1.8920000e+003 -1.4883650e+001
  1.8940000e+003 -1.4878941e+001
  1.8960000e+003 -1.4874498e+001
  1.8980000e+003 -1.4871200e+001
  1.9000000e+003 -1.4869847e+001
  1.9020000e+003 -1.4871044e+001
  1.9040000e+003 -1.4875112e+001
  1.9060000e+003 -1.4882035e+001
  1.9080000e+003 -1.4891452e+001
  1.9100000e+003 -1.4902697e+001
  1.9120000e+003 -1.4914883e+001
  1.9140000e+003 -1.4927013e+001
  1.9160000e+003 -1.4938101e+001
  1.9180000e+003 -1.4947293e+001
  1.9200000e+003 -1.4953962e+001
  1.9220000e+003 -1.4957760e+001
  1.9240000e+003 -1.4958641e+001
  1.9260000e+003 -1.4956825e+001
  1.9280000e+003 -1.4952734e+001
  1.9300000e+003 -1.4946907e+001
  1.9320000e+003 -1.4939899e+001
  1.9340000e+003 -1.4932203e+001
  1.9360000e+003 -1.4924182e+001
  1.9380000e+003 -1.4916054e+001
  1.9400000e+003 -1.4907897e+001
  1.9420000e+003 -1.4899708e+001
  1.9440000e+003 -1.4891464e+001
  1.9460000e+003 -1.4883205e+001
  1.9480000e+003 -1.4875101e+001
  1.9500000e+003 -1.4867481e+001
  1.9520000e+003 -1.4860838e+001
  1.9540000e+003 -1.4855775e+001
  1.9560000e+003 -1.4852921e+001
  1.9580000e+003 -1.4852818e+001
  1.9600000e+003 -1.4855805e+001
  1.9620000e+003 -1.4861917e+001
  1.9640000e+003 -1.4870822e+001
  1.9660000e+003 -1.4881818e+001
  1.9680000e+003 -1.4893886e+001
  1.9700000e+003 -1.4905801e+001
  1.9720000e+003 -1.4916291e+001
  1.9740000e+003 -1.4924212e+001
  1.9760000e+003 -1.4928720e+001
  1.9780000e+003 -1.4929410e+001
  1.9800000e+003 -1.4926392e+001
  1.9820000e+003 -1.4920307e+001
  1.9840000e+003 -1.4912260e+001
  1.9860000e+003 -1.4903688e+001
  1.9880000e+003 -1.4896183e+001
  1.9900000e+003 -1.4891288e+001
  1.9920000e+003 -1.4890293e+001
  1.9940000e+003 -1.4894071e+001
  1.9960000e+003 -1.4902963e+001
  1.9980000e+003 -1.4916724e+001
  2.0000000e+003 -1.4934557e+001
  2.0020000e+003 -1.4955198e+001
  2.0040000e+003 -1.4977071e+001
  2.0060000e+003 -1.4998466e+001
  2.0080000e+003 -1.5017734e+001
  2.0100000e+003 -1.5033466e+001
  2.0120000e+003 -1.5044646e+001
  2.0140000e+003 -1.5050739e+001
  2.0160000e+003 -1.5051733e+001
  2.0180000e+003 -1.5048115e+001
  2.0200000e+003 -1.5040790e+001
  2.0220000e+003 -1.5030956e+001
  2.0240000e+003 -1.5019961e+001
  2.0260000e+003 -1.5009147e+001
  2.0280000e+003 -1.4999706e+001
  2.0300000e+003 -1.4992573e+001
  2.0320000e+003 -1.4988346e+001
  2.0340000e+003 -1.4987264e+001
  2.0360000e+003 -1.4989221e+001
  2.0380000e+003 -1.4993820e+001
  2.0400000e+003 -1.5000452e+001
  2.0420000e+003 -1.5008392e+001
  2.0440000e+003 -1.5016893e+001
  2.0460000e+003 -1.5025266e+001
  2.0480000e+003 -1.5032952e+001
  2.0500000e+003 -1.5039560e+001
  2.0520000e+003 -1.5044892e+001
  2.0540000e+003 -1.5048938e+001
  2.0560000e+003 -1.5051865e+001
  2.0580000e+003 -1.5053976e+001
  2.0600000e+003 -1.5055680e+001
  2.0620000e+003 -1.5057434e+001
  2.0640000e+003 -1.5059698e+001
  2.0660000e+003 -1.5062881e+001
  2.0680000e+003 -1.5067284e+001
  2.0700000e+003 -1.5073061e+001
  2.0720000e+003 -1.5080180e+001
  2.0740000e+003 -1.5088411e+001
  2.0760000e+003 -1.5097335e+001
  2.0780000e+003 -1.5106374e+001
  2.0800000e+003 -1.5114851e+001
  2.0820000e+003 -1.5122075e+001
  2.0840000e+003 -1.5127426e+001
  2.0860000e+003 -1.5130449e+001
  2.0880000e+003 -1.5130930e+001
  2.0900000e+003 -1.5128941e+001
  2.0920000e+003 -1.5124856e+001
  2.0940000e+003 -1.5119317e+001
  2.0960000e+003 -1.5113170e+001
  2.0980000e+003 -1.5107361e+001
  2.1000000e+003 -1.5102825e+001
  2.1020000e+003 -1.5100366e+001
  2.1040000e+003 -1.5100557e+001
  2.1060000e+003 -1.5103670e+001
  2.1080000e+003 -1.5109641e+001
  2.1100000e+003 -1.5118084e+001
  2.1120000e+003 -1.5128340e+001
  2.1140000e+003 -1.5139559e+001
  2.1160000e+003 -1.5150814e+001
  2.1180000e+003 -1.5161207e+001
  2.1200000e+003 -1.5169981e+001
  2.1220000e+003 -1.5176609e+001
  2.1240000e+003 -1.5180857e+001
  2.1260000e+003 -1.5182809e+001
  2.1280000e+003 -1.5182859e+001
  2.1300000e+003 -1.5181666e+001
  2.1320000e+003 -1.5180079e+001
  2.1340000e+003 -1.5179037e+001
  2.1360000e+003 -1.5179462e+001
  2.1380000e+003 -1.5182146e+001
  2.1400000e+003 -1.5187656e+001
  2.1420000e+003 -1.5196254e+001
  2.1440000e+003 -1.5207858e+001
  2.1460000e+003 -1.5222037e+001
  2.1480000e+003 -1.5238044e+001
  2.1500000e+003 -1.5254891e+001
  2.1520000e+003 -1.5271449e+001
  2.1540000e+003 -1.5286566e+001
  2.1560000e+003 -1.5299188e+001
  2.1580000e+003 -1.5308478e+001
  2.1600000e+003 -1.5313897e+001
  2.1620000e+003 -1.5315263e+001
  2.1640000e+003 -1.5312767e+001
  2.1660000e+003 -1.5306950e+001
  2.1680000e+003 -1.5298638e+001
  2.1700000e+003 -1.5288855e+001
  2.1720000e+003 -1.5278717e+001
  2.1740000e+003 -1.5269314e+001
  2.1760000e+003 -1.5261607e+001
  2.1780000e+003 -1.5256334e+001
  2.1800000e+003 -1.5253949e+001
  2.1820000e+003 -1.5254591e+001
  2.1840000e+003 -1.5258086e+001
  2.1860000e+003 -1.5263986e+001
  2.1880000e+003 -1.5271637e+001
  2.1900000e+003 -1.5280270e+001
  2.1920000e+003 -1.5289098e+001
  2.1940000e+003 -1.5297421e+001
  2.1960000e+003 -1.5304707e+001
  2.1980000e+003 -1.5310656e+001
  2.2000000e+003 -1.5315223e+001
  2.2020000e+003 -1.5318606e+001
  2.2040000e+003 -1.5321198e+001
  2.2060000e+003 -1.5323510e+001
  2.2080000e+003 -1.5326074e+001
  2.2100000e+003 -1.5329350e+001
  2.2120000e+003 -1.5333646e+001
  2.2140000e+003 -1.5339063e+001
  2.2160000e+003 -1.5345485e+001
  2.2180000e+003 -1.5352605e+001
  2.2200000e+003 -1.5359985e+001
  2.2220000e+003 -1.5367144e+001
  2.2240000e+003 -1.5373646e+001
  2.2260000e+003 -1.5379184e+001
  2.2280000e+003 -1.5383634e+001
  2.2300000e+003 -1.5387073e+001
  2.2320000e+003 -1.5389758e+001
  2.2340000e+003 -1.5392072e+001
  2.2360000e+003 -1.5394440e+001
  2.2380000e+003 -1.5397251e+001
  2.2400000e+003 -1.5400774e+001
  2.2420000e+003 -1.5405113e+001
  2.2440000e+003 -1.5410185e+001
  2.2460000e+003 -1.5415747e+001
  2.2480000e+003 -1.5421444e+001
  2.2500000e+003 -1.5426878e+001
  2.2520000e+003 -1.5431688e+001
  2.2540000e+003 -1.5435615e+001
  2.2560000e+003 -1.5438544e+001
  2.2580000e+003 -1.5440517e+001
  2.2600000e+003 -1.5441719e+001
  2.2620000e+003 -1.5442443e+001
  2.2640000e+003 -1.5443030e+001
  2.2660000e+003 -1.5443823e+001
  2.2680000e+003 -1.5445122e+001
  2.2700000e+003 -1.5447156e+001
  2.2720000e+003 -1.5450077e+001
  2.2740000e+003 -1.5453970e+001
  2.2760000e+003 -1.5458866e+001
  2.2780000e+003 -1.5464765e+001
  2.2800000e+003 -1.5471639e+001
  2.2820000e+003 -1.5479439e+001
  2.2840000e+003 -1.5488071e+001
  2.2860000e+003 -1.5497377e+001
  2.2880000e+003 -1.5507111e+001
  2.2900000e+003 -1.5516922e+001
  2.2920000e+003 -1.5526357e+001
  2.2940000e+003 -1.5534891e+001
  2.2960000e+003 -1.5541973e+001
  2.2980000e+003 -1.5547101e+001
  2.3000000e+003 -1.5549899e+001
  2.3020000e+003 -1.5550195e+001
  2.3040000e+003 -1.5548077e+001
  2.3060000e+003 -1.5543912e+001
  2.3080000e+003 -1.5538340e+001
  2.3100000e+003 -1.5532212e+001
  2.3120000e+003 -1.5526497e+001
  2.3140000e+003 -1.5522171e+001
  2.3160000e+003 -1.5520088e+001
  2.3180000e+003 -1.5520871e+001
  2.3200000e+003 -1.5524828e+001
  2.3220000e+003 -1.5531903e+001
  2.3240000e+003 -1.5541687e+001
  2.3260000e+003 -1.5553466e+001
  2.3280000e+003 -1.5566320e+001
  2.3300000e+003 -1.5579240e+001
  2.3320000e+003 -1.5591268e+001
  2.3340000e+003 -1.5601616e+001
  2.3360000e+003 -1.5609775e+001
  2.3380000e+003 -1.5615571e+001
  2.3400000e+003 -1.5619181e+001
  2.3420000e+003 -1.5621098e+001
  2.3440000e+003 -1.5622050e+001
  2.3460000e+003 -1.5622882e+001
  2.3480000e+003 -1.5624427e+001
  2.3500000e+003 -1.5627364e+001
  2.3520000e+003 -1.5632113e+001
  2.3540000e+003 -1.5638748e+001
  2.3560000e+003 -1.5646968e+001
  2.3580000e+003 -1.5656127e+001
  2.3600000e+003 -1.5665303e+001
  2.3620000e+003 -1.5673428e+001
  2.3640000e+003 -1.5679432e+001
  2.3660000e+003 -1.5682406e+001
  2.3680000e+003 -1.5681739e+001
  2.3700000e+003 -1.5677233e+001
  2.3720000e+003 -1.5669150e+001
  2.3740000e+003 -1.5658209e+001
  2.3760000e+003 -1.5645511e+001
  2.3780000e+003 -1.5632420e+001
  2.3800000e+003 -1.5620398e+001
  2.3820000e+003 -1.5610835e+001
  2.3840000e+003 -1.5604880e+001
  2.3860000e+003 -1.5603315e+001
  2.3880000e+003 -1.5606478e+001
  2.3900000e+003 -1.5614240e+001
  2.3920000e+003 -1.5626056e+001
  2.3940000e+003 -1.5641053e+001
  2.3960000e+003 -1.5658156e+001
  2.3980000e+003 -1.5676233e+001
  2.4000000e+003 -1.5694213e+001
  2.4020000e+003 -1.5711192e+001
  2.4040000e+003 -1.5726490e+001
  2.4060000e+003 -1.5739661e+001
  2.4080000e+003 -1.5750475e+001
  2.4100000e+003 -1.5758867e+001
  2.4120000e+003 -1.5764874e+001
  2.4140000e+003 -1.5768586e+001
  2.4160000e+003 -1.5770115e+001
  2.4180000e+003 -1.5769585e+001
  2.4200000e+003 -1.5767155e+001
  2.4220000e+003 -1.5763055e+001
  2.4240000e+003 -1.5757627e+001
  2.4260000e+003 -1.5751351e+001
  2.4280000e+003 -1.5744849e+001
  2.4300000e+003 -1.5738847e+001
  2.4320000e+003 -1.5734108e+001
  2.4340000e+003 -1.5731331e+001
  2.4360000e+003 -1.5731039e+001
  2.4380000e+003 -1.5733475e+001
  2.4400000e+003 -1.5738533e+001
  2.4420000e+003 -1.5745730e+001
  2.4440000e+003 -1.5754245e+001
  2.4460000e+003 -1.5763014e+001
  2.4480000e+003 -1.5770875e+001
  2.4500000e+003 -1.5776743e+001
  2.4520000e+003 -1.5779782e+001
  2.4540000e+003 -1.5779552e+001
  2.4560000e+003 -1.5776100e+001
  2.4580000e+003 -1.5769969e+001
  2.4600000e+003 -1.5762142e+001
  2.4620000e+003 -1.5753900e+001
  2.4640000e+003 -1.5746637e+001
  2.4660000e+003 -1.5741648e+001
  2.4680000e+003 -1.5739931e+001
  2.4700000e+003 -1.5742028e+001
  2.4720000e+003 -1.5747949e+001
  2.4740000e+003 -1.5757166e+001
  2.4760000e+003 -1.5768699e+001
  2.4780000e+003 -1.5781277e+001
  2.4800000e+003 -1.5793532e+001
  2.4820000e+003 -1.5804217e+001
  2.4840000e+003 -1.5812388e+001
  2.4860000e+003 -1.5817545e+001
  2.4880000e+003 -1.5819688e+001
  2.4900000e+003 -1.5819291e+001
  2.4920000e+003 -1.5817209e+001
  2.4940000e+003 -1.5814516e+001
  2.4960000e+003 -1.5812321e+001
  2.4980000e+003 -1.5811581e+001
  2.5000000e+003 -1.5812957e+001
  2.5020000e+003 -1.5816716e+001
  2.5040000e+003 -1.5822706e+001
  2.5060000e+003 -1.5830404e+001
  2.5080000e+003 -1.5839019e+001
  2.5100000e+003 -1.5847629e+001
  2.5120000e+003 -1.5855333e+001
  2.5140000e+003 -1.5861385e+001
  2.5160000e+003 -1.5865292e+001
  2.5180000e+003 -1.5866865e+001
  2.5200000e+003 -1.5866207e+001
  2.5220000e+003 -1.5863668e+001
  2.5240000e+003 -1.5859760e+001
  2.5260000e+003 -1.5855062e+001
  2.5280000e+003 -1.5850131e+001
  2.5300000e+003 -1.5845441e+001
  2.5320000e+003 -1.5841342e+001
  2.5340000e+003 -1.5838064e+001
  2.5360000e+003 -1.5835738e+001
  2.5380000e+003 -1.5834436e+001
  2.5400000e+003 -1.5834210e+001
  2.5420000e+003 -1.5835114e+001
  2.5440000e+003 -1.5837212e+001
  2.5460000e+003 -1.5840551e+001
  2.5480000e+003 -1.5845129e+001
  2.5500000e+003 -1.5850836e+001
  2.5520000e+003 -1.5857422e+001
  2.5540000e+003 -1.5864469e+001
  2.5560000e+003 -1.5871403e+001
  2.5580000e+003 -1.5877547e+001
  2.5600000e+003 -1.5882201e+001
  2.5620000e+003 -1.5884750e+001
  2.5640000e+003 -1.5884780e+001
  2.5660000e+003 -1.5882173e+001
  2.5680000e+003 -1.5877162e+001
  2.5700000e+003 -1.5870345e+001
  2.5720000e+003 -1.5862621e+001
  2.5740000e+003 -1.5855084e+001
  2.5760000e+003 -1.5848866e+001
  2.5780000e+003 -1.5844963e+001
  2.5800000e+003 -1.5844073e+001
  2.5820000e+003 -1.5846468e+001
  2.5840000e+003 -1.5851937e+001
  2.5860000e+003 -1.5859795e+001
  2.5880000e+003 -1.5868977e+001
  2.5900000e+003 -1.5878187e+001
  2.5920000e+003 -1.5886096e+001
  2.5940000e+003 -1.5891540e+001
  2.5960000e+003 -1.5893693e+001
  2.5980000e+003 -1.5892185e+001
  2.6000000e+003 -1.5887149e+001
  2.6020000e+003 -1.5879180e+001
  2.6040000e+003 -1.5869227e+001
  2.6060000e+003 -1.5858433e+001
  2.6080000e+003 -1.5847947e+001
  2.6100000e+003 -1.5838753e+001
  2.6120000e+003 -1.5831533e+001
  2.6140000e+003 -1.5826589e+001
  2.6160000e+003 -1.5823848e+001
  2.6180000e+003 -1.5822915e+001
  2.6200000e+003 -1.5823192e+001
  2.6220000e+003 -1.5824016e+001
  2.6240000e+003 -1.5824800e+001
  2.6260000e+003 -1.5825146e+001
  2.6280000e+003 -1.5824907e+001
  2.6300000e+003 -1.5824199e+001
  2.6320000e+003 -1.5823347e+001
  2.6340000e+003 -1.5822802e+001
  2.6360000e+003 -1.5823017e+001
  2.6380000e+003 -1.5824337e+001
  2.6400000e+003 -1.5826899e+001
  2.6420000e+003 -1.5830589e+001
  2.6440000e+003 -1.5835029e+001
  2.6460000e+003 -1.5839633e+001
  2.6480000e+003 -1.5843696e+001
  2.6500000e+003 -1.5846509e+001
  2.6520000e+003 -1.5847480e+001
  2.6540000e+003 -1.5846241e+001
  2.6560000e+003 -1.5842716e+001
  2.6580000e+003 -1.5837148e+001
  2.6600000e+003 -1.5830071e+001
  2.6620000e+003 -1.5822243e+001
  2.6640000e+003 -1.5814537e+001
  2.6660000e+003 -1.5807814e+001
  2.6680000e+003 -1.5802801e+001
  2.6700000e+003 -1.5799978e+001
  2.6720000e+003 -1.5799505e+001
  2.6740000e+003 -1.5801183e+001
  2.6760000e+003 -1.5804478e+001
  2.6780000e+003 -1.5808575e+001
  2.6800000e+003 -1.5812486e+001
  2.6820000e+003 -1.5815180e+001
  2.6840000e+003 -1.5815724e+001
  2.6860000e+003 -1.5813423e+001
  2.6880000e+003 -1.5807932e+001
  2.6900000e+003 -1.5799330e+001
  2.6920000e+003 -1.5788139e+001
  2.6940000e+003 -1.5775292e+001
  2.6960000e+003 -1.5762028e+001
  2.6980000e+003 -1.5749757e+001
  2.7000000e+003 -1.5739874e+001
  2.7020000e+003 -1.5733580e+001
  2.7040000e+003 -1.5731701e+001
  2.7060000e+003 -1.5734567e+001
  2.7080000e+003 -1.5741939e+001
  2.7100000e+003 -1.5753015e+001
  2.7120000e+003 -1.5766526e+001
  2.7140000e+003 -1.5780880e+001
  2.7160000e+003 -1.5794378e+001
  2.7180000e+003 -1.5805429e+001
  2.7200000e+003 -1.5812764e+001
  2.7220000e+003 -1.5815603e+001
  2.7240000e+003 -1.5813744e+001
  2.7260000e+003 -1.5807573e+001
  2.7280000e+003 -1.5797986e+001
  2.7300000e+003 -1.5786240e+001
  2.7320000e+003 -1.5773755e+001
  2.7340000e+003 -1.5761905e+001
  2.7360000e+003 -1.5751827e+001
  2.7380000e+003 -1.5744280e+001
  2.7400000e+003 -1.5739579e+001
  2.7420000e+003 -1.5737603e+001
  2.7440000e+003 -1.5737874e+001
  2.7460000e+003 -1.5739684e+001
  2.7480000e+003 -1.5742254e+001
  2.7500000e+003 -1.5744878e+001
  2.7520000e+003 -1.5747031e+001
  2.7540000e+003 -1.5748433e+001
  2.7560000e+003 -1.5749046e+001
  2.7580000e+003 -1.5749019e+001
  2.7600000e+003 -1.5748602e+001
  2.7620000e+003 -1.5748034e+001
  2.7640000e+003 -1.5747461e+001
  2.7660000e+003 -1.5746872e+001
  2.7680000e+003 -1.5746091e+001
  2.7700000e+003 -1.5744811e+001
  2.7720000e+003 -1.5742674e+001
  2.7740000e+003 -1.5739361e+001
  2.7760000e+003 -1.5734697e+001
  2.7780000e+003 -1.5728713e+001
  2.7800000e+003 -1.5721679e+001
  2.7820000e+003 -1.5714086e+001
  2.7840000e+003 -1.5706579e+001
  2.7860000e+003 -1.5699856e+001
  2.7880000e+003 -1.5694551e+001
  2.7900000e+003 -1.5691131e+001
  2.7920000e+003 -1.5689809e+001
  2.7940000e+003 -1.5690518e+001
  2.7960000e+003 -1.5692918e+001
  2.7980000e+003 -1.5696457e+001
  2.8000000e+003 -1.5700468e+001
  2.8020000e+003 -1.5704271e+001
  2.8040000e+003 -1.5707281e+001
  2.8060000e+003 -1.5709084e+001
  2.8080000e+003 -1.5709482e+001
  2.8100000e+003 -1.5708496e+001
  2.8120000e+003 -1.5706330e+001
  2.8140000e+003 -1.5703314e+001
  2.8160000e+003 -1.5699825e+001
  2.8180000e+003 -1.5696219e+001
  2.8200000e+003 -1.5692776e+001
  2.8220000e+003 -1.5689661e+001
  2.8240000e+003 -1.5686929e+001
  2.8260000e+003 -1.5684530e+001
  2.8280000e+003 -1.5682350e+001
  2.8300000e+003 -1.5680248e+001
  2.8320000e+003 -1.5678087e+001
  2.8340000e+003 -1.5675764e+001
  2.8360000e+003 -1.5673219e+001
  2.8380000e+003 -1.5670434e+001
  2.8400000e+003 -1.5667422e+001
  2.8420000e+003 -1.5664210e+001
  2.8440000e+003 -1.5660830e+001
  2.8460000e+003 -1.5657310e+001
  2.8480000e+003 -1.5653672e+001
  2.8500000e+003 -1.5649943e+001
  2.8520000e+003 -1.5646158e+001
  2.8540000e+003 -1.5642373e+001
  2.8560000e+003 -1.5638664e+001
  2.8580000e+003 -1.5635123e+001
  2.8600000e+003 -1.5631843e+001
  2.8620000e+003 -1.5628901e+001
  2.8640000e+003 -1.5626336e+001
  2.8660000e+003 -1.5624135e+001
  2.8680000e+003 -1.5622230e+001
  2.8700000e+003 -1.5620499e+001
  2.8720000e+003 -1.5618784e+001
  2.8740000e+003 -1.5616922e+001
  2.8760000e+003 -1.5614766e+001
  2.8780000e+003 -1.5612214e+001
  2.8800000e+003 -1.5609227e+001
  2.8820000e+003 -1.5605824e+001
  2.8840000e+003 -1.5602076e+001
  2.8860000e+003 -1.5598077e+001
  2.8880000e+003 -1.5593910e+001
  2.8900000e+003 -1.5589622e+001
  2.8920000e+003 -1.5585193e+001
  2.8940000e+003 -1.5580535e+001
  2.8960000e+003 -1.5575496e+001
  2.8980000e+003 -1.5569896e+001
  2.9000000e+003 -1.5563560e+001
  2.9020000e+003 -1.5556375e+001
  2.9040000e+003 -1.5548331e+001
  2.9060000e+003 -1.5539553e+001
  2.9080000e+003 -1.5530314e+001
  2.9100000e+003 -1.5521024e+001
  2.9120000e+003 -1.5512191e+001
  2.9140000e+003 -1.5504365e+001
  2.9160000e+003 -1.5498069e+001
  2.9180000e+003 -1.5493727e+001
  2.9200000e+003 -1.5491603e+001
  2.9220000e+003 -1.5491755e+001
  2.9240000e+003 -1.5494018e+001
  2.9260000e+003 -1.5498011e+001
  2.9280000e+003 -1.5503178e+001
  2.9300000e+003 -1.5508843e+001
  2.9320000e+003 -1.5514291e+001
  2.9340000e+003 -1.5518840e+001
  2.9360000e+003 -1.5521922e+001
  2.9380000e+003 -1.5523142e+001
  2.9400000e+003 -1.5522312e+001
  2.9420000e+003 -1.5519469e+001
  2.9440000e+003 -1.5514853e+001
  2.9460000e+003 -1.5508872e+001
  2.9480000e+003 -1.5502037e+001
  2.9500000e+003 -1.5494899e+001
  2.9520000e+003 -1.5487968e+001
  2.9540000e+003 -1.5481658e+001
  2.9560000e+003 -1.5476233e+001
  2.9580000e+003 -1.5471790e+001
  2.9600000e+003 -1.5468253e+001
  2.9620000e+003 -1.5465404e+001
  2.9640000e+003 -1.5462927e+001
  2.9660000e+003 -1.5460465e+001
  2.9680000e+003 -1.5457685e+001
  2.9700000e+003 -1.5454331e+001
  2.9720000e+003 -1.5450265e+001
  2.9740000e+003 -1.5445488e+001
  2.9760000e+003 -1.5440131e+001
  2.9780000e+003 -1.5434434e+001
  2.9800000e+003 -1.5428693e+001
  2.9820000e+003 -1.5423210e+001
  2.9840000e+003 -1.5418236e+001
  2.9860000e+003 -1.5413921e+001
  2.9880000e+003 -1.5410287e+001
  2.9900000e+003 -1.5407215e+001
  2.9920000e+003 -1.5404469e+001
  2.9940000e+003 -1.5401726e+001
  2.9960000e+003 -1.5398629e+001
  2.9980000e+003 -1.5394849e+001
  3.0000000e+003 -1.5390138e+001
  3.0020000e+003 -1.5384369e+001
  3.0040000e+003 -1.5377564e+001
  3.0060000e+003 -1.5369888e+001
  3.0080000e+003 -1.5361629e+001
  3.0100000e+003 -1.5353153e+001
  3.0120000e+003 -1.5344848e+001
  3.0140000e+003 -1.5337066e+001
  3.0160000e+003 -1.5330072e+001
  3.0180000e+003 -1.5324001e+001
  3.0200000e+003 -1.5318847e+001
  3.0220000e+003 -1.5314460e+001
  3.0240000e+003 -1.5310576e+001
  3.0260000e+003 -1.5306854e+001
  3.0280000e+003 -1.5302927e+001
  3.0300000e+003 -1.5298453e+001
  3.0320000e+003 -1.5293157e+001
  3.0340000e+003 -1.5286860e+001
  3.0360000e+003 -1.5279497e+001
  3.0380000e+003 -1.5271110e+001
  3.0400000e+003 -1.5261831e+001
  3.0420000e+003 -1.5251860e+001
  3.0440000e+003 -1.5241432e+001
  3.0460000e+003 -1.5230789e+001
  3.0480000e+003 -1.5220163e+001
  3.0500000e+003 -1.5209754e+001
  3.0520000e+003 -1.5199735e+001
  3.0540000e+003 -1.5190248e+001
  3.0560000e+003 -1.5181410e+001
  3.0580000e+003 -1.5173316e+001
  3.0600000e+003 -1.5166039e+001
  3.0620000e+003 -1.5159619e+001
  3.0640000e+003 -1.5154052e+001
  3.0660000e+003 -1.5149273e+001
  3.0680000e+003 -1.5145138e+001
  3.0700000e+003 -1.5141412e+001
  3.0720000e+003 -1.5137774e+001
  3.0740000e+003 -1.5133830e+001
  3.0760000e+003 -1.5129139e+001
  3.0780000e+003 -1.5123268e+001
  3.0800000e+003 -1.5115838e+001
  3.0820000e+003 -1.5106581e+001
  3.0840000e+003 -1.5095397e+001
  3.0860000e+003 -1.5082381e+001
  3.0880000e+003 -1.5067844e+001
  3.0900000e+003 -1.5052295e+001
  3.0920000e+003 -1.5036405e+001
  3.0940000e+003 -1.5020946e+001
  3.0960000e+003 -1.5006713e+001
  3.0980000e+003 -1.4994444e+001
  3.1000000e+003 -1.4984744e+001
  3.1020000e+003 -1.4978024e+001
  3.1040000e+003 -1.4974463e+001
  3.1060000e+003 -1.4973998e+001
  3.1080000e+003 -1.4976340e+001
  3.1100000e+003 -1.4981013e+001
  3.1120000e+003 -1.4987407e+001
  3.1140000e+003 -1.4994835e+001
  3.1160000e+003 -1.5002594e+001
  3.1180000e+003 -1.5010015e+001
  3.1200000e+003 -1.5016494e+001
  3.1220000e+003 -1.5021521e+001
  3.1240000e+003 -1.5024687e+001
  3.1260000e+003 -1.5025691e+001
  3.1280000e+003 -1.5024338e+001
  3.1300000e+003 -1.5020544e+001
  3.1320000e+003 -1.5014334e+001
  3.1340000e+003 -1.5005843e+001
  3.1360000e+003 -1.4995322e+001
  3.1380000e+003 -1.4983124e+001
  3.1400000e+003 -1.4969692e+001
  3.1420000e+003 -1.4955528e+001
  3.1440000e+003 -1.4941150e+001
  3.1460000e+003 -1.4927043e+001
  3.1480000e+003 -1.4913606e+001
  3.1500000e+003 -1.4901111e+001
  3.1520000e+003 -1.4889669e+001
  3.1540000e+003 -1.4879221e+001
  3.1560000e+003 -1.4869557e+001
  3.1580000e+003 -1.4860358e+001
  3.1600000e+003 -1.4851246e+001
  3.1620000e+003 -1.4841856e+001
  3.1640000e+003 -1.4831894e+001
  3.1660000e+003 -1.4821189e+001
  3.1680000e+003 -1.4809715e+001
  3.1700000e+003 -1.4797591e+001
  3.1720000e+003 -1.4785053e+001
  3.1740000e+003 -1.4772412e+001
  3.1760000e+003 -1.4759993e+001
  3.1780000e+003 -1.4748086e+001
  3.1800000e+003 -1.4736909e+001
  3.1820000e+003 -1.4726578e+001
  3.1840000e+003 -1.4717122e+001
  3.1860000e+003 -1.4708497e+001
  3.1880000e+003 -1.4700630e+001
  3.1900000e+003 -1.4693449e+001
  3.1920000e+003 -1.4686922e+001
  3.1940000e+003 -1.4681068e+001
  3.1960000e+003 -1.4675944e+001
  3.1980000e+003 -1.4671627e+001
  3.2000000e+003 -1.4668158e+001
  3.2020000e+003 -1.4665506e+001
  3.2040000e+003 -1.4663516e+001
  3.2060000e+003 -1.4661893e+001
  3.2080000e+003 -1.4660203e+001
  3.2100000e+003 -1.4657908e+001
  3.2120000e+003 -1.4654418e+001
  3.2140000e+003 -1.4649171e+001
  3.2160000e+003 -1.4641710e+001
  3.2180000e+003 -1.4631747e+001
  3.2200000e+003 -1.4619212e+001
  3.2220000e+003 -1.4604267e+001
  3.2240000e+003 -1.4587290e+001
  3.2260000e+003 -1.4568826e+001
  3.2280000e+003 -1.4549527e+001
  3.2300000e+003 -1.4530075e+001
  3.2320000e+003 -1.4511119e+001
  3.2340000e+003 -1.4493222e+001
  3.2360000e+003 -1.4476831e+001
  3.2380000e+003 -1.4462274e+001
  3.2400000e+003 -1.4449761e+001
  3.2420000e+003 -1.4439416e+001
  3.2440000e+003 -1.4431286e+001
  3.2460000e+003 -1.4425359e+001
  3.2480000e+003 -1.4421559e+001
  3.2500000e+003 -1.4419733e+001
  3.2520000e+003 -1.4419627e+001
  3.2540000e+003 -1.4420863e+001
  3.2560000e+003 -1.4422921e+001
  3.2580000e+003 -1.4425155e+001
  3.2600000e+003 -1.4426815e+001
  3.2620000e+003 -1.4427111e+001
  3.2640000e+003 -1.4425292e+001
  3.2660000e+003 -1.4420735e+001
  3.2680000e+003 -1.4413033e+001
  3.2700000e+003 -1.4402065e+001
  3.2720000e+003 -1.4388036e+001
  3.2740000e+003 -1.4371469e+001
  3.2760000e+003 -1.4353167e+001
  3.2780000e+003 -1.4334123e+001
  3.2800000e+003 -1.4315410e+001
  3.2820000e+003 -1.4298057e+001
  3.2840000e+003 -1.4282925e+001
  3.2860000e+003 -1.4270608e+001
  3.2880000e+003 -1.4261366e+001
  3.2900000e+003 -1.4255104e+001
  3.2920000e+003 -1.4251388e+001
  3.2940000e+003 -1.4249512e+001
  3.2960000e+003 -1.4248585e+001
  3.2980000e+003 -1.4247644e+001
  3.3000000e+003 -1.4245765e+001
  3.3020000e+003 -1.4242165e+001
  3.3040000e+003 -1.4236279e+001
  3.3060000e+003 -1.4227814e+001
  3.3080000e+003 -1.4216759e+001
  3.3100000e+003 -1.4203368e+001
  3.3120000e+003 -1.4188115e+001
  3.3140000e+003 -1.4171623e+001
  3.3160000e+003 -1.4154589e+001
  3.3180000e+003 -1.4137692e+001
  3.3200000e+003 -1.4121524e+001
  3.3220000e+003 -1.4106524e+001
  3.3240000e+003 -1.4092935e+001
  3.3260000e+003 -1.4080794e+001
  3.3280000e+003 -1.4069935e+001
  3.3300000e+003 -1.4060034e+001
  3.3320000e+003 -1.4050660e+001
  3.3340000e+003 -1.4041348e+001
  3.3360000e+003 -1.4031677e+001
  3.3380000e+003 -1.4021335e+001
  3.3400000e+003 -1.4010179e+001
  3.3420000e+003 -1.3998260e+001
  3.3440000e+003 -1.3985822e+001
  3.3460000e+003 -1.3973273e+001
  3.3480000e+003 -1.3961122e+001
  3.3500000e+003 -1.3949900e+001
  3.3520000e+003 -1.3940069e+001
  3.3540000e+003 -1.3931944e+001
  3.3560000e+003 -1.3925624e+001
  3.3580000e+003 -1.3920961e+001
  3.3600000e+003 -1.3917564e+001
  3.3620000e+003 -1.3914843e+001
  3.3640000e+003 -1.3912081e+001
  3.3660000e+003 -1.3908532e+001
  3.3680000e+003 -1.3903529e+001
  3.3700000e+003 -1.3896571e+001
  3.3720000e+003 -1.3887398e+001
  3.3740000e+003 -1.3876015e+001
  3.3760000e+003 -1.3862684e+001
  3.3780000e+003 -1.3847872e+001
  3.3800000e+003 -1.3832159e+001
  3.3820000e+003 -1.3816139e+001
  3.3840000e+003 -1.3800317e+001
  3.3860000e+003 -1.3785022e+001
  3.3880000e+003 -1.3770362e+001
  3.3900000e+003 -1.3756211e+001
  3.3920000e+003 -1.3742256e+001
  3.3940000e+003 -1.3728068e+001
  3.3960000e+003 -1.3713213e+001
  3.3980000e+003 -1.3697359e+001
  3.4000000e+003 -1.3680373e+001
  3.4020000e+003 -1.3662389e+001
  3.4040000e+003 -1.3643827e+001
  3.4060000e+003 -1.3625362e+001
  3.4080000e+003 -1.3607846e+001
  3.4100000e+003 -1.3592192e+001
  3.4120000e+003 -1.3579240e+001
  3.4140000e+003 -1.3569627e+001
  3.4160000e+003 -1.3563681e+001
  3.4180000e+003 -1.3561352e+001
  3.4200000e+003 -1.3562194e+001
  3.4220000e+003 -1.3565407e+001
  3.4240000e+003 -1.3569917e+001
  3.4260000e+003 -1.3574495e+001
  3.4280000e+003 -1.3577897e+001
  3.4300000e+003 -1.3578990e+001
  3.4320000e+003 -1.3576875e+001
  3.4340000e+003 -1.3570965e+001
  3.4360000e+003 -1.3561028e+001
  3.4380000e+003 -1.3547191e+001
  3.4400000e+003 -1.3529901e+001
  3.4420000e+003 -1.3509867e+001
  3.4440000e+003 -1.3487973e+001
  3.4460000e+003 -1.3465191e+001
  3.4480000e+003 -1.3442492e+001
  3.4500000e+003 -1.3420767e+001
  3.4520000e+003 -1.3400764e+001
  3.4540000e+003 -1.3383033e+001
  3.4560000e+003 -1.3367897e+001
  3.4580000e+003 -1.3355436e+001
  3.4600000e+003 -1.3345481e+001
  3.4620000e+003 -1.3337641e+001
  3.4640000e+003 -1.3331331e+001
  3.4660000e+003 -1.3325828e+001
  3.4680000e+003 -1.3320342e+001
  3.4700000e+003 -1.3314095e+001
  3.4720000e+003 -1.3306404e+001
  3.4740000e+003 -1.3296767e+001
  3.4760000e+003 -1.3284926e+001
  3.4780000e+003 -1.3270910e+001
  3.4800000e+003 -1.3255041e+001
  3.4820000e+003 -1.3237902e+001
  3.4840000e+003 -1.3220269e+001
  3.4860000e+003 -1.3203005e+001
  3.4880000e+003 -1.3186944e+001
  3.4900000e+003 -1.3172759e+001
  3.4920000e+003 -1.3160860e+001
  3.4940000e+003 -1.3151314e+001
  3.4960000e+003 -1.3143817e+001
  3.4980000e+003 -1.3137720e+001
  3.5000000e+003 -1.3132108e+001
  3.5020000e+003 -1.3125925e+001
  3.5040000e+003 -1.3118125e+001
  3.5060000e+003 -1.3107828e+001
  3.5080000e+003 -1.3094462e+001
  3.5100000e+003 -1.3077859e+001
  3.5120000e+003 -1.3058299e+001
  3.5140000e+003 -1.3036481e+001
  3.5160000e+003 -1.3013440e+001
  3.5180000e+003 -1.2990403e+001
  3.5200000e+003 -1.2968618e+001
  3.5220000e+003 -1.2949172e+001
  3.5240000e+003 -1.2932836e+001
  3.5260000e+003 -1.2919946e+001
  3.5280000e+003 -1.2910361e+001
  3.5300000e+003 -1.2903479e+001
  3.5320000e+003 -1.2898336e+001
  3.5340000e+003 -1.2893747e+001
  3.5360000e+003 -1.2888497e+001
  3.5380000e+003 -1.2881518e+001
  3.5400000e+003 -1.2872065e+001
  3.5420000e+003 -1.2859822e+001
  3.5440000e+003 -1.2844953e+001
  3.5460000e+003 -1.2828074e+001
  3.5480000e+003 -1.2810161e+001
  3.5500000e+003 -1.2792391e+001
  3.5520000e+003 -1.2775964e+001
  3.5540000e+003 -1.2761917e+001
  3.5560000e+003 -1.2750962e+001
  3.5580000e+003 -1.2743383e+001
  3.5600000e+003 -1.2738990e+001
  3.5620000e+003 -1.2737147e+001
  3.5640000e+003 -1.2736872e+001
  3.5660000e+003 -1.2736972e+001
  3.5680000e+003 -1.2736216e+001
  3.5700000e+003 -1.2733500e+001
  3.5720000e+003 -1.2727984e+001
  3.5740000e+003 -1.2719185e+001
  3.5760000e+003 -1.2707011e+001
  3.5780000e+003 -1.2691732e+001
  3.5800000e+003 -1.2673899e+001
  3.5820000e+003 -1.2654235e+001
  3.5840000e+003 -1.2633499e+001
  3.5860000e+003 -1.2612365e+001
  3.5880000e+003 -1.2591331e+001
  3.5900000e+003 -1.2570662e+001
  3.5920000e+003 -1.2550383e+001
  3.5940000e+003 -1.2530325e+001
  3.5960000e+003 -1.2510191e+001
  3.5980000e+003 -1.2489659e+001
  3.6000000e+003 -1.2468477e+001
  3.6020000e+003 -1.2446546e+001
  3.6040000e+003 -1.2423975e+001
  3.6060000e+003 -1.2401100e+001
  3.6080000e+003 -1.2378458e+001
  3.6100000e+003 -1.2356734e+001
  3.6120000e+003 -1.2336676e+001
  3.6140000e+003 -1.2318996e+001
  3.6160000e+003 -1.2304282e+001
  3.6180000e+003 -1.2292912e+001
  3.6200000e+003 -1.2285003e+001
  3.6220000e+003 -1.2280390e+001
  3.6240000e+003 -1.2278640e+001
  3.6260000e+003 -1.2279091e+001
  3.6280000e+003 -1.2280926e+001
  3.6300000e+003 -1.2283255e+001
  3.6320000e+003 -1.2285201e+001
  3.6340000e+003 -1.2285988e+001
  3.6360000e+003 -1.2285000e+001
  3.6380000e+003 -1.2281827e+001
  3.6400000e+003 -1.2276275e+001
  3.6420000e+003 -1.2268357e+001
  3.6440000e+003 -1.2258245e+001
  3.6460000e+003 -1.2246220e+001
  3.6480000e+003 -1.2232597e+001
  3.6500000e+003 -1.2217661e+001
  3.6520000e+003 -1.2201610e+001
  3.6540000e+003 -1.2184520e+001
  3.6560000e+003 -1.2166332e+001
  3.6580000e+003 -1.2146874e+001
  3.6600000e+003 -1.2125906e+001
  3.6620000e+003 -1.2103179e+001
  3.6640000e+003 -1.2078516e+001
  3.6660000e+003 -1.2051875e+001
  3.6680000e+003 -1.2023409e+001
  3.6700000e+003 -1.1993495e+001
  3.6720000e+003 -1.1962726e+001
  3.6740000e+003 -1.1931880e+001
  3.6760000e+003 -1.1901843e+001
  3.6780000e+003 -1.1873523e+001
  3.6800000e+003 -1.1847744e+001
  3.6820000e+003 -1.1825150e+001
  3.6840000e+003 -1.1806127e+001
  3.6860000e+003 -1.1790751e+001
  3.6880000e+003 -1.1778783e+001
  3.6900000e+003 -1.1769698e+001
  3.6920000e+003 -1.1762750e+001
  3.6940000e+003 -1.1757066e+001
  3.6960000e+003 -1.1751755e+001
  3.6980000e+003 -1.1746011e+001
  3.7000000e+003 -1.1739205e+001
  3.7020000e+003 -1.1730946e+001
  3.7040000e+003 -1.1721109e+001
  3.7060000e+003 -1.1709819e+001
  3.7080000e+003 -1.1697409e+001
  3.7100000e+003 -1.1684340e+001
  3.7120000e+003 -1.1671117e+001
  3.7140000e+003 -1.1658192e+001
  3.7160000e+003 -1.1645884e+001
  3.7180000e+003 -1.1634322e+001
  3.7200000e+003 -1.1623417e+001
  3.7220000e+003 -1.1612864e+001
  3.7240000e+003 -1.1602184e+001
  3.7260000e+003 -1.1590786e+001
  3.7280000e+003 -1.1578052e+001
  3.7300000e+003 -1.1563426e+001
  3.7320000e+003 -1.1546493e+001
  3.7340000e+003 -1.1527047e+001
  3.7360000e+003 -1.1505131e+001
  3.7380000e+003 -1.1481043e+001
  3.7400000e+003 -1.1455313e+001
  3.7420000e+003 -1.1428648e+001
  3.7440000e+003 -1.1401857e+001
  3.7460000e+003 -1.1375759e+001
  3.7480000e+003 -1.1351094e+001
  3.7500000e+003 -1.1328439e+001
  3.7520000e+003 -1.1308145e+001
  3.7540000e+003 -1.1290303e+001
  3.7560000e+003 -1.1274736e+001
  3.7580000e+003 -1.1261032e+001
  3.7600000e+003 -1.1248594e+001
  3.7620000e+003 -1.1236719e+001
  3.7640000e+003 -1.1224689e+001
  3.7660000e+003 -1.1211861e+001
  3.7680000e+003 -1.1197748e+001
  3.7700000e+003 -1.1182077e+001
  3.7720000e+003 -1.1164826e+001
  3.7740000e+003 -1.1146225e+001
  3.7760000e+003 -1.1126722e+001
  3.7780000e+003 -1.1106921e+001
  3.7800000e+003 -1.1087501e+001
  3.7820000e+003 -1.1069114e+001
  3.7840000e+003 -1.1052292e+001
  3.7860000e+003 -1.1037356e+001
  3.7880000e+003 -1.1024365e+001
  3.7900000e+003 -1.1013079e+001
  3.7920000e+003 -1.1002979e+001
  3.7940000e+003 -1.0993315e+001
  3.7960000e+003 -1.0983197e+001
  3.7980000e+003 -1.0971703e+001
  3.8000000e+003 -1.0958000e+001
  3.8020000e+003 -1.0941465e+001
  3.8040000e+003 -1.0921774e+001
  3.8060000e+003 -1.0898962e+001
  3.8080000e+003 -1.0873438e+001
  3.8100000e+003 -1.0845947e+001
  3.8120000e+003 -1.0817487e+001
  3.8140000e+003 -1.0789193e+001
  3.8160000e+003 -1.0762191e+001
  3.8180000e+003 -1.0737459e+001
  3.8200000e+003 -1.0715696e+001
  3.8220000e+003 -1.0697226e+001
  3.8240000e+003 -1.0681953e+001
  3.8260000e+003 -1.0669363e+001
  3.8280000e+003 -1.0658587e+001
  3.8300000e+003 -1.0648511e+001
  3.8320000e+003 -1.0637919e+001
  3.8340000e+003 -1.0625648e+001
  3.8360000e+003 -1.0610744e+001
  3.8380000e+003 -1.0592587e+001
  3.8400000e+003 -1.0570978e+001
  3.8420000e+003 -1.0546163e+001
  3.8440000e+003 -1.0518806e+001
  3.8460000e+003 -1.0489903e+001
  3.8480000e+003 -1.0460650e+001
  3.8500000e+003 -1.0432292e+001
  3.8520000e+003 -1.0405958e+001
  3.8540000e+003 -1.0382520e+001
  3.8560000e+003 -1.0362481e+001
  3.8580000e+003 -1.0345924e+001
  3.8600000e+003 -1.0332508e+001
  3.8620000e+003 -1.0321528e+001
  3.8640000e+003 -1.0312017e+001
  3.8660000e+003 -1.0302886e+001
  3.8680000e+003 -1.0293065e+001
  3.8700000e+003 -1.0281642e+001
  3.8720000e+003 -1.0267971e+001
  3.8740000e+003 -1.0251732e+001
  3.8760000e+003 -1.0232947e+001
  3.8780000e+003 -1.0211937e+001
  3.8800000e+003 -1.0189252e+001
  3.8820000e+003 -1.0165555e+001
  3.8840000e+003 -1.0141517e+001
  3.8860000e+003 -1.0117705e+001
  3.8880000e+003 -1.0094510e+001
  3.8900000e+003 -1.0072104e+001
  3.8920000e+003 -1.0050443e+001
  3.8940000e+003 -1.0029308e+001
  3.8960000e+003 -1.0008378e+001
  3.8980000e+003 -9.9873176e+000
  3.9000000e+003 -9.9658635e+000
  3.9020000e+003 -9.9438964e+000
  3.9040000e+003 -9.9214800e+000
  3.9060000e+003 -9.8988641e+000
  3.9080000e+003 -9.8764483e+000
  3.9100000e+003 -9.8547120e+000
  3.9120000e+003 -9.8341237e+000
  3.9140000e+003 -9.8150426e+000
  3.9160000e+003 -9.7976328e+000
  3.9180000e+003 -9.7818028e+000
  3.9200000e+003 -9.7671842e+000
  3.9220000e+003 -9.7531545e+000
  3.9240000e+003 -9.7389036e+000
  3.9260000e+003 -9.7235358e+000
  3.9280000e+003 -9.7061927e+000
  3.9300000e+003 -9.6861812e+000
  3.9320000e+003 -9.6630839e+000
  3.9340000e+003 -9.6368385e+000
  3.9360000e+003 -9.6077693e+000
  3.9380000e+003 -9.5765673e+000
  3.9400000e+003 -9.5442177e+000
  3.9420000e+003 -9.5118844e+000
  3.9440000e+003 -9.4807672e+000
  3.9460000e+003 -9.4519502e+000
  3.9480000e+003 -9.4262643e+000
  3.9500000e+003 -9.4041818e+000
  3.9520000e+003 -9.3857586e+000
  3.9540000e+003 -9.3706331e+000
  3.9560000e+003 -9.3580813e+000
  3.9580000e+003 -9.3471198e+000
  3.9600000e+003 -9.3366428e+000
  3.9620000e+003 -9.3255734e+000
  3.9640000e+003 -9.3130067e+000
  3.9660000e+003 -9.2983257e+000
  3.9680000e+003 -9.2812743e+000
  3.9700000e+003 -9.2619756e+000
  3.9720000e+003 -9.2408974e+000
  3.9740000e+003 -9.2187681e+000
  3.9760000e+003 -9.1964573e+000
  3.9780000e+003 -9.1748394e+000
  3.9800000e+003 -9.1546598e+000
  3.9820000e+003 -9.1364232e+000
  3.9840000e+003 -9.1203201e+000
  3.9860000e+003 -9.1062010e+000
  3.9880000e+003 -9.0936009e+000
  3.9900000e+003 -9.0818112e+000
  3.9920000e+003 -9.0699846e+000
  3.9940000e+003 -9.0572605e+000
  3.9960000e+003 -9.0428895e+000
  3.9980000e+003 -9.0263408e+000
  4.0000000e+003 -9.0073759e+000
  4.0020000e+003 -8.9860794e+000
  4.0040000e+003 -8.9628428e+000
  4.0060000e+003 -8.9383040e+000
  4.0080000e+003 -8.9132535e+000
  4.0100000e+003 -8.8885192e+000
  4.0120000e+003 -8.8648490e+000
  4.0140000e+003 -8.8428068e+000
  4.0160000e+003 -8.8226965e+000
  4.0180000e+003 -8.8045255e+000
  4.0200000e+003 -8.7880112e+000
  4.0220000e+003 -8.7726291e+000
  4.0240000e+003 -8.7576941e+000
  4.0260000e+003 -8.7424643e+000
  4.0280000e+003 -8.7262498e+000
  4.0300000e+003 -8.7085125e+000
  4.0320000e+003 -8.6889424e+000
  4.0340000e+003 -8.6674996e+000
  4.0360000e+003 -8.6444175e+000
  4.0380000e+003 -8.6201674e+000
  4.0400000e+003 -8.5953910e+000
  4.0420000e+003 -8.5708104e+000
  4.0440000e+003 -8.5471297e+000
  4.0460000e+003 -8.5249422e+000
  4.0480000e+003 -8.5046549e+000
  4.0500000e+003 -8.4864419e+000
  4.0520000e+003 -8.4702306e+000
  4.0540000e+003 -8.4557218e+000
  4.0560000e+003 -8.4424394e+000
  4.0580000e+003 -8.4298015e+000
  4.0600000e+003 -8.4172017e+000
  4.0620000e+003 -8.4040882e+000
  4.0640000e+003 -8.3900311e+000
  4.0660000e+003 -8.3747670e+000
  4.0680000e+003 -8.3582184e+000
  4.0700000e+003 -8.3404839e+000
  4.0720000e+003 -8.3218054e+000
  4.0740000e+003 -8.3025164e+000
  4.0760000e+003 -8.2829820e+000
  4.0780000e+003 -8.2635400e+000
  4.0800000e+003 -8.2444513e+000
  4.0820000e+003 -8.2258679e+000
  4.0840000e+003 -8.2078214e+000
  4.0860000e+003 -8.1902326e+000
  4.0880000e+003 -8.1729388e+000
  4.0900000e+003 -8.1557340e+000
  4.0920000e+003 -8.1384121e+000
  4.0940000e+003 -8.1208082e+000
  4.0960000e+003 -8.1028293e+000
  4.0980000e+003 -8.0844693e+000
  4.1000000e+003 -8.0658087e+000
  4.1020000e+003 -8.0469975e+000
  4.1040000e+003 -8.0282268e+000
  4.1060000e+003 -8.0096942e+000
  4.1080000e+003 -7.9915688e+000
  4.1100000e+003 -7.9739641e+000
  4.1120000e+003 -7.9569217e+000
  4.1140000e+003 -7.9404090e+000
  4.1160000e+003 -7.9243322e+000
  4.1180000e+003 -7.9085607e+000
  4.1200000e+003 -7.8929589e+000
  4.1220000e+003 -7.8774193e+000
  4.1240000e+003 -7.8618900e+000
  4.1260000e+003 -7.8463923e+000
  4.1280000e+003 -7.8310219e+000
  4.1300000e+003 -7.8159352e+000
  4.1320000e+003 -7.8013197e+000
  4.1340000e+003 -7.7873531e+000
  4.1360000e+003 -7.7741582e+000
  4.1380000e+003 -7.7617604e+000
  4.1400000e+003 -7.7500557e+000
  4.1420000e+003 -7.7387969e+000
  4.1440000e+003 -7.7276012e+000
  4.1460000e+003 -7.7159824e+000
  4.1480000e+003 -7.7034033e+000
  4.1500000e+003 -7.6893451e+000
  4.1520000e+003 -7.6733823e+000
  4.1540000e+003 -7.6552540e+000
  4.1560000e+003 -7.6349205e+000
  4.1580000e+003 -7.6125944e+000
  4.1600000e+003 -7.5887400e+000
  4.1620000e+003 -7.5640386e+000
  4.1640000e+003 -7.5393222e+000
  4.1660000e+003 -7.5154821e+000
  4.1680000e+003 -7.4933650e+000
  4.1700000e+003 -7.4736697e+000
  4.1720000e+003 -7.4568592e+000
  4.1740000e+003 -7.4431006e+000
  4.1760000e+003 -7.4322430e+000
  4.1780000e+003 -7.4238357e+000
  4.1800000e+003 -7.4171851e+000
  4.1820000e+003 -7.4114440e+000
  4.1840000e+003 -7.4057180e+000
  4.1860000e+003 -7.3991767e+000
  4.1880000e+003 -7.3911526e+000
  4.1900000e+003 -7.3812145e+000
  4.1920000e+003 -7.3692059e+000
  4.1940000e+003 -7.3552455e+000
  4.1960000e+003 -7.3396905e+000
  4.1980000e+003 -7.3230699e+000
  4.2000000e+003 -7.3060014e+000
  4.2020000e+003 -7.2891027e+000
  4.2040000e+003 -7.2729131e+000
  4.2060000e+003 -7.2578336e+000
  4.2080000e+003 -7.2440964e+000
  4.2100000e+003 -7.2317617e+000
  4.2120000e+003 -7.2207430e+000
  4.2140000e+003 -7.2108519e+000
  4.2160000e+003 -7.2018526e+000
  4.2180000e+003 -7.1935175e+000
  4.2200000e+003 -7.1856722e+000
  4.2220000e+003 -7.1782231e+000
  4.2240000e+003 -7.1711644e+000
  4.2260000e+003 -7.1645628e+000
  4.2280000e+003 -7.1585260e+000
  4.2300000e+003 -7.1531588e+000
  4.2320000e+003 -7.1485172e+000
  4.2340000e+003 -7.1445680e+000
  4.2360000e+003 -7.1411623e+000
  4.2380000e+003 -7.1380271e+000
  4.2400000e+003 -7.1347785e+000
  4.2420000e+003 -7.1309558e+000
  4.2440000e+003 -7.1260716e+000
  4.2460000e+003 -7.1196723e+000
  4.2480000e+003 -7.1114009e+000
  4.2500000e+003 -7.1010533e+000
  4.2520000e+003 -7.0886189e+000
  4.2540000e+003 -7.0743020e+000
  4.2560000e+003 -7.0585158e+000
  4.2580000e+003 -7.0418515e+000
  4.2600000e+003 -7.0250230e+000
  4.2620000e+003 -7.0087929e+000
  4.2640000e+003 -6.9938880e+000
  4.2660000e+003 -6.9809147e+000
  4.2680000e+003 -6.9702833e+000
  4.2700000e+003 -6.9621532e+000
  4.2720000e+003 -6.9564052e+000
  4.2740000e+003 -6.9526463e+000
  4.2760000e+003 -6.9502490e+000
  4.2780000e+003 -6.9484189e+000
  4.2800000e+003 -6.9462867e+000
  4.2820000e+003 -6.9430103e+000
  4.2840000e+003 -6.9378769e+000
  4.2860000e+003 -6.9303897e+000
  4.2880000e+003 -6.9203294e+000
  4.2900000e+003 -6.9077809e+000
  4.2920000e+003 -6.8931221e+000
  4.2940000e+003 -6.8769754e+000
  4.2960000e+003 -6.8601283e+000
  4.2980000e+003 -6.8434350e+000
  4.3000000e+003 -6.8277106e+000
  4.3020000e+003 -6.8136337e+000
  4.3040000e+003 -6.8016698e+000
  4.3060000e+003 -6.7920259e+000
  4.3080000e+003 -6.7846416e+000
  4.3100000e+003 -6.7792172e+000
  4.3120000e+003 -6.7752728e+000
  4.3140000e+003 -6.7722294e+000
  4.3160000e+003 -6.7694996e+000
  4.3180000e+003 -6.7665730e+000
  4.3200000e+003 -6.7630840e+000
  4.3220000e+003 -6.7588532e+000
  4.3240000e+003 -6.7538941e+000
  4.3260000e+003 -6.7483874e+000
  4.3280000e+003 -6.7426257e+000
  4.3300000e+003 -6.7369385e+000
  4.3320000e+003 -6.7316091e+000
  4.3340000e+003 -6.7267968e+000
  4.3360000e+003 -6.7224768e+000
  4.3380000e+003 -6.7184078e+000
  4.3400000e+003 -6.7141325e+000
  4.3420000e+003 -6.7090117e+000
  4.3440000e+003 -6.7022880e+000
  4.3460000e+003 -6.6931705e+000
  4.3480000e+003 -6.6809270e+000
  4.3500000e+003 -6.6649740e+000
  4.3520000e+003 -6.6449479e+000
  4.3540000e+003 -6.6207511e+000
  4.3560000e+003 -6.5925647e+000
  4.3580000e+003 -6.5608274e+000
  4.3600000e+003 -6.5261839e+000
  4.3620000e+003 -6.4894102e+000
  4.3640000e+003 -6.4513271e+000
  4.3660000e+003 -6.4127135e+000
  4.3680000e+003 -6.3742294e+000
  4.3700000e+003 -6.3363613e+000
  4.3720000e+003 -6.2993918e+000
  4.3740000e+003 -6.2633987e+000
  4.3760000e+003 -6.2282798e+000
  4.3780000e+003 -6.1937978e+000
  4.3800000e+003 -6.1596382e+000
  4.3820000e+003 -6.1254699e+000
  4.3840000e+003 -6.0910010e+000
  4.3860000e+003 -6.0560218e+000
  4.3880000e+003 -6.0204308e+000
  4.3900000e+003 -5.9842416e+000
  4.3920000e+003 -5.9475738e+000
  4.3940000e+003 -5.9106290e+000
  4.3960000e+003 -5.8736607e+000
  4.3980000e+003 -5.8369406e+000
  4.4000000e+003 -5.8007307e+000
  4.4020000e+003 -5.7652609e+000
  4.4040000e+003 -5.7307172e+000
  4.4060000e+003 -5.6972387e+000
  4.4080000e+003 -5.6649199e+000
  4.4100000e+003 -5.6338162e+000
  4.4120000e+003 -5.6039459e+000
  4.4140000e+003 -5.5752865e+000
  4.4160000e+003 -5.5477626e+000
  4.4180000e+003 -5.5212255e+000
  4.4200000e+003 -5.4954271e+000
  4.4220000e+003 -5.4699944e+000
  4.4240000e+003 -5.4444117e+000
  4.4260000e+003 -5.4180167e+000
  4.4280000e+003 -5.3900182e+000
  4.4300000e+003 -5.3595384e+000
  4.4320000e+003 -5.3256798e+000
  4.4340000e+003 -5.2876114e+000
  4.4360000e+003 -5.2446657e+000
  4.4380000e+003 -5.1964331e+000
  4.4400000e+003 -5.1428398e+000
  4.4420000e+003 -5.0841966e+000
  4.4440000e+003 -5.0212065e+000
  4.4460000e+003 -4.9549266e+000
  4.4480000e+003 -4.8866855e+000
  4.4500000e+003 -4.8179641e+000
  4.4520000e+003 -4.7502534e+000
  4.4540000e+003 -4.6849080e+000
  4.4560000e+003 -4.6230138e+000
  4.4580000e+003 -4.5652883e+000
  4.4600000e+003 -4.5120263e+000
  4.4620000e+003 -4.4630969e+000
  4.4640000e+003 -4.4179909e+000
  4.4660000e+003 -4.3759083e+000
  4.4680000e+003 -4.3358726e+000
  4.4700000e+003 -4.2968519e+000
  4.4720000e+003 -4.2578693e+000
  4.4740000e+003 -4.2180872e+000
  4.4760000e+003 -4.1768546e+000
  4.4780000e+003 -4.1337164e+000
  4.4800000e+003 -4.0883865e+000
  4.4820000e+003 -4.0406976e+000
  4.4840000e+003 -3.9905411e+000
  4.4860000e+003 -3.9378120e+000
  4.4880000e+003 -3.8823738e+000
  4.4900000e+003 -3.8240506e+000
  4.4920000e+003 -3.7626508e+000
  4.4940000e+003 -3.6980176e+000
  4.4960000e+003 -3.6300958e+000
  4.4980000e+003 -3.5590024e+000
  4.5000000e+003 -3.4850835e+000
  4.5020000e+003 -3.4089453e+000
  4.5040000e+003 -3.3314483e+000
  4.5060000e+003 -3.2536625e+000
  4.5080000e+003 -3.1767858e+000
  4.5100000e+003 -3.1020385e+000
  4.5120000e+003 -3.0305480e+000
  4.5140000e+003 -2.9632435e+000
  4.5160000e+003 -2.9007782e+000
  4.5180000e+003 -2.8434938e+000
  4.5200000e+003 -2.7914355e+000
  4.5220000e+003 -2.7444165e+000
  4.5240000e+003 -2.7021249e+000
  4.5260000e+003 -2.6642552e+000
  4.5280000e+003 -2.6306452e+000
  4.5300000e+003 -2.6013924e+000
  4.5320000e+003 -2.5769311e+000
  4.5340000e+003 -2.5580519e+000
  4.5360000e+003 -2.5458570e+000
  4.5380000e+003 -2.5416526e+000
  4.5400000e+003 -2.5467911e+000
  4.5420000e+003 -2.5624841e+000
  4.5440000e+003 -2.5896135e+000
  4.5460000e+003 -2.6285695e+000
  4.5480000e+003 -2.6791427e+000
  4.5500000e+003 -2.7404907e+000
  4.5520000e+003 -2.8111878e+000
  4.5540000e+003 -2.8893578e+000
  4.5560000e+003 -2.9728728e+000
  4.5580000e+003 -3.0595937e+000
  4.5600000e+003 -3.1476192e+000
  4.5620000e+003 -3.2355061e+000
  4.5640000e+003 -3.3224310e+000
  4.5660000e+003 -3.4082645e+000
  4.5680000e+003 -3.4935481e+000
  4.5700000e+003 -3.5793742e+000
  4.5720000e+003 -3.6671846e+000
  4.5740000e+003 -3.7585183e+000
  4.5760000e+003 -3.8547424e+000
  4.5780000e+003 -3.9568088e+000
  4.5800000e+003 -4.0650702e+000
  4.5820000e+003 -4.1791818e+000
  4.5840000e+003 -4.2981042e+000
  4.5860000e+003 -4.4202024e+000
  4.5880000e+003 -4.5434250e+000
  4.5900000e+003 -4.6655357e+000
  4.5920000e+003 -4.7843596e+000
  4.5940000e+003 -4.8980082e+000
  4.5960000e+003 -5.0050522e+000
  4.5980000e+003 -5.1046178e+000
  4.6000000e+003 -5.1964007e+000
  4.6020000e+003 -5.2805992e+000
  4.6040000e+003 -5.3577858e+000
  4.6060000e+003 -5.4287418e+000
  4.6080000e+003 -5.4942849e+000
  4.6100000e+003 -5.5551173e+000
  4.6120000e+003 -5.6117183e+000
  4.6140000e+003 -5.6642931e+000
  4.6160000e+003 -5.7127809e+000
  4.6180000e+003 -5.7569145e+000
  4.6200000e+003 -5.7963146e+000
  4.6220000e+003 -5.8305993e+000
  4.6240000e+003 -5.8594855e+000
  4.6260000e+003 -5.8828653e+000
  4.6280000e+003 -5.9008441e+000
  4.6300000e+003 -5.9137361e+000
  4.6320000e+003 -5.9220210e+000
  4.6340000e+003 -5.9262723e+000
  4.6360000e+003 -5.9270723e+000
  4.6380000e+003 -5.9249299e+000
  4.6400000e+003 -5.9202166e+000
  4.6420000e+003 -5.9131318e+000
  4.6440000e+003 -5.9037024e+000
  4.6460000e+003 -5.8918160e+000
  4.6480000e+003 -5.8772805e+000
  4.6500000e+003 -5.8598985e+000
  4.6520000e+003 -5.8395446e+000
  4.6540000e+003 -5.8162303e+000
  4.6560000e+003 -5.7901463e+000
  4.6580000e+003 -5.7616753e+000
  4.6600000e+003 -5.7313717e+000
  4.6620000e+003 -5.6999123e+000
  4.6640000e+003 -5.6680233e+000
  4.6660000e+003 -5.6363950e+000
  4.6680000e+003 -5.6055966e+000
  4.6700000e+003 -5.5760012e+000
  4.6720000e+003 -5.5477341e+000
  4.6740000e+003 -5.5206491e+000
  4.6760000e+003 -5.4943397e+000
  4.6780000e+003 -5.4681815e+000
  4.6800000e+003 -5.4414039e+000
  4.6820000e+003 -5.4131809e+000
  4.6840000e+003 -5.3827307e+000
  4.6860000e+003 -5.3494115e+000
  4.6880000e+003 -5.3128009e+000
  4.6900000e+003 -5.2727487e+000
  4.6920000e+003 -5.2293947e+000
  4.6940000e+003 -5.1831483e+000
  4.6960000e+003 -5.1346320e+000
  4.6980000e+003 -5.0845949e+000
  4.7000000e+003 -5.0338066e+000
  4.7020000e+003 -4.9829461e+000
  4.7040000e+003 -4.9325016e+000
  4.7060000e+003 -4.8826938e+000
  4.7080000e+003 -4.8334363e+000
  4.7100000e+003 -4.7843397e+000
  4.7120000e+003 -4.7347594e+000
  4.7140000e+003 -4.6838839e+000
  4.7160000e+003 -4.6308509e+000
  4.7180000e+003 -4.5748770e+000
  4.7200000e+003 -4.5153825e+000
  4.7220000e+003 -4.4520942e+000
  4.7240000e+003 -4.3851105e+000
  4.7260000e+003 -4.3149181e+000
  4.7280000e+003 -4.2423562e+000
  4.7300000e+003 -4.1685314e+000
  4.7320000e+003 -4.0946905e+000
  4.7340000e+003 -4.0220690e+000
  4.7360000e+003 -3.9517309e+000
  4.7380000e+003 -3.8844212e+000
  4.7400000e+003 -3.8204491e+000
  4.7420000e+003 -3.7596163e+000
  4.7440000e+003 -3.7012015e+000
  4.7460000e+003 -3.6440029e+000
  4.7480000e+003 -3.5864350e+000
  4.7500000e+003 -3.5266715e+000
  4.7520000e+003 -3.4628178e+000
  4.7540000e+003 -3.3930951e+000
  4.7560000e+003 -3.3160180e+000
  4.7580000e+003 -3.2305469e+000
  4.7600000e+003 -3.1361993e+000
  4.7620000e+003 -3.0331115e+000
  4.7640000e+003 -2.9220441e+000
  4.7660000e+003 -2.8043335e+000
  4.7680000e+003 -2.6817956e+000
  4.7700000e+003 -2.5565935e+000
  4.7720000e+003 -2.4310837e+000
  4.7740000e+003 -2.3076553e+000
  4.7760000e+003 -2.1885800e+000
  4.7780000e+003 -2.0758832e+000
  4.7800000e+003 -1.9712480e+000
  4.7820000e+003 -1.8759563e+000
  4.7840000e+003 -1.7908676e+000
  4.7860000e+003 -1.7164332e+000
  4.7880000e+003 -1.6527374e+000
  4.7900000e+003 -1.5995583e+000
  4.7920000e+003 -1.5564375e+000
  4.7940000e+003 -1.5227514e+000
  4.7960000e+003 -1.4977745e+000
  4.7980000e+003 -1.4807324e+000
  4.8000000e+003 -1.4708408e+000
  4.8020000e+003 -1.4673314e+000
  4.8040000e+003 -1.4694670e+000
  4.8060000e+003 -1.4765504e+000
  4.8080000e+003 -1.4879284e+000
  4.8100000e+003 -1.5029975e+000
  4.8120000e+003 -1.5212109e+000
  4.8140000e+003 -1.5420880e+000
  4.8160000e+003 -1.5652268e+000
  4.8180000e+003 -1.5903145e+000
  4.8200000e+003 -1.6171353e+000
  4.8220000e+003 -1.6455706e+000
  4.8240000e+003 -1.6755904e+000
  4.8260000e+003 -1.7072328e+000
  4.8280000e+003 -1.7405736e+000
  4.8300000e+003 -1.7756872e+000
  4.8320000e+003 -1.8126021e+000
  4.8340000e+003 -1.8512583e+000
  4.8360000e+003 -1.8914700e+000
  4.8380000e+003 -1.9329009e+000
  4.8400000e+003 -1.9750558e+000
  4.8420000e+003 -2.0172912e+000
  4.8440000e+003 -2.0588456e+000
  4.8460000e+003 -2.0988856e+000
  4.8480000e+003 -2.1365646e+000
  4.8500000e+003 -2.1710854e+000
  4.8520000e+003 -2.2017591e+000
  4.8540000e+003 -2.2280535e+000
  4.8560000e+003 -2.2496228e+000
  4.8580000e+003 -2.2663152e+000
  4.8600000e+003 -2.2781578e+000
  4.8620000e+003 -2.2853204e+000
  4.8640000e+003 -2.2880647e+000
  4.8660000e+003 -2.2866867e+000
  4.8680000e+003 -2.2814615e+000
  4.8700000e+003 -2.2725994e+000
  4.8720000e+003 -2.2602209e+000
  4.8740000e+003 -2.2443535e+000
  4.8760000e+003 -2.2249517e+000
  4.8780000e+003 -2.2019351e+000
  4.8800000e+003 -2.1752367e+000
  4.8820000e+003 -2.1448534e+000
  4.8840000e+003 -2.1108859e+000
  4.8860000e+003 -2.0735611e+000
  4.8880000e+003 -2.0332289e+000
  4.8900000e+003 -1.9903327e+000
  4.8920000e+003 -1.9453555e+000
  4.8940000e+003 -1.8987497e+000
  4.8960000e+003 -1.8508595e+000
  4.8980000e+003 -1.8018513e+000
  4.9000000e+003 -1.7516608e+000
  4.9020000e+003 -1.6999705e+000
  4.9040000e+003 -1.6462215e+000
  4.9060000e+003 -1.5896626e+000
  4.9080000e+003 -1.5294324e+000
  4.9100000e+003 -1.4646656e+000
  4.9120000e+003 -1.3946122e+000
  4.9140000e+003 -1.3187535e+000
  4.9160000e+003 -1.2369039e+000
  4.9180000e+003 -1.1492819e+000
  4.9200000e+003 -1.0565455e+000
  4.9220000e+003 -9.5978408e-001
  4.9240000e+003 -8.6046962e-001
  4.9260000e+003 -7.6037096e-001
  4.9280000e+003 -6.6144046e-001
  4.9300000e+003 -5.6568437e-001
  4.9320000e+003 -4.7502926e-001
  4.9340000e+003 -3.9119646e-001
  4.9360000e+003 -3.1559488e-001
  4.9380000e+003 -2.4923995e-001
  4.9400000e+003 -1.9270314e-001
  4.9420000e+003 -1.4609389e-001
  4.9440000e+003 -1.0907259e-001
  4.9460000e+003 -8.0891194e-002
  4.9480000e+003 -6.0456417e-002
  4.9500000e+003 -4.6409684e-002
  4.9520000e+003 -3.7217423e-002
  4.9540000e+003 -3.1265585e-002
  4.9560000e+003 -2.6952530e-002
  4.9580000e+003 -2.2775001e-002
  4.9600000e+003 -1.7402561e-002
  4.9620000e+003 -9.7366289e-003
  4.9640000e+003  1.0488384e-003
  4.9660000e+003  1.5486912e-002
  4.9680000e+003  3.3818151e-002
  4.9700000e+003  5.6011185e-002
  4.9720000e+003  8.1801158e-002
  4.9740000e+003  1.1074234e-001
  4.9760000e+003  1.4226998e-001
  4.9780000e+003  1.7576571e-001
  4.9800000e+003  2.1062042e-001
  4.9820000e+003  2.4628910e-001
  4.9840000e+003  2.8233285e-001
  4.9860000e+003  3.1844508e-001
  4.9880000e+003  3.5446076e-001
  4.9900000e+003  3.9034935e-001
  4.9920000e+003  4.2619433e-001
  4.9940000e+003  4.6216336e-001
  4.9960000e+003  4.9847408e-001
  4.9980000e+003  5.3536060e-001
  5.0000000e+003  5.7304520e-001
  5.0020000e+003  6.1171843e-001
  5.0040000e+003  6.5152923e-001
  5.0060000e+003  6.9258485e-001
  5.0080000e+003  7.3495875e-001
  5.0100000e+003  7.7870356e-001
  5.0120000e+003  8.2386520e-001
  5.0140000e+003  8.7049472e-001
  5.0160000e+003  9.1865491e-001
  5.0180000e+003  9.6841981e-001
  5.0200000e+003  1.0198670e+000
  5.0220000e+003  1.0730638e+000
  5.0240000e+003  1.1280499e+000
  5.0260000e+003  1.1848196e+000
  5.0280000e+003  1.2433066e+000
  5.0300000e+003  1.3033749e+000
  5.0320000e+003  1.3648171e+000
  5.0340000e+003  1.4273602e+000
  5.0360000e+003  1.4906794e+000
  5.0380000e+003  1.5544159e+000
